100 100 45
26 38 05 32 35 22 06 18 01 04 32 37 14 15 07 23 12 45 17 26 17 28 26 06 41 43 12 21 22 16 37 10 09 03 41 43 31 02 22 32 12 15 30 32 29 36 09 03 43 33 28 21 15 08 26 17 12 44 44 40 15 42 04 30 44 07 34 37 15 17 23 33 32 14 19 15 05 35 17 09 22 06 29 43 20 17 14 31 15 19 33 36 16 43 27 21 04 15 12 25
32 41 19 25 10 45 01 21 34 25 29 17 30 19 21 05 42 41 42 19 14 29 09 36 27 43 12 37 19 23 17 05 26 35 36 35 41 37 10 36 16 45 07 45 25 34 11 22 36 08 02 05 36 17 02 24 14 13 16 33 43 39 44 23 35 35 19 31 33 35 21 03 34 35 09 20 30 27 03 21 34 04 32 31 28 33 17 41 01 32 35 05 32 34 27 28 30 07 20 17
41 41 26 36 37 34 10 21 15 20 03 10 30 34 03 12 22 19 08 29 12 42 33 43 37 21 25 21 27 45 37 29 02 24 19 45 20 28 27 41 09 30 06 39 18 15 05 01 33 19 29 44 16 23 41 14 05 27 35 38 33 33 21 41 12 39 40 38 29 22 33 37 06 45 37 30 14 42 31 01 15 21 44 37 44 01 06 10 35 02 03 22 34 30 25 07 24 19 44 14
02 39 12 14 38 04 44 07 45 36 07 21 11 13 20 16 13 32 26 02 33 35 31 28 19 10 42 04 35 40 17 44 33 29 12 33 32 17 39 38 07 07 20 25 19 39 40 39 32 27 40 19 23 32 09 42 03 05 07 45 06 24 43 39 14 16 26 07 33 26 44 01 32 25 25 06 19 27 44 12 15 45 31 38 39 01 41 41 05 02 02 10 32 44 10 45 15 42 06 09
22 11 09 16 36 41 28 16 29 26 27 05 32 19 04 32 26 06 28 30 15 36 02 01 35 11 08 11 15 20 19 43 38 34 13 28 36 40 05 26 27 38 38 14 19 41 45 44 02 34 36 16 25 37 23 21 02 37 31 23 12 11 21 04 06 33 38 04 35 04 29 16 41 21 36 21 24 43 20 32 31 10 02 17 08 31 37 09 23 29 39 34 01 14 44 07 01 36 17 42
01 45 13 41 28 03 24 13 45 05 44 38 21 07 09 28 37 08 43 14 43 36 09 06 04 14 12 12 11 28 08 11 34 20 14 23 30 37 35 29 41 33 28 16 39 44 43 38 13 40 13 10 31 22 15 41 42 33 07 08 22 15 18 18 41 31 02 32 29 37 16 24 31 05 01 25 03 05 17 15 45 36 32 37 12 08 39 16 03 01 23 31 22 40 03 24 33 05 11 16
03 33 02 33 37 02 19 02 07 42 16 13 33 09 11 06 17 04 21 19 11 43 04 39 45 14 18 32 18 35 09 27 22 17 14 20 19 33 28 32 36 44 44 23 14 16 29 30 19 04 10 37 02 14 30 08 27 09 01 06 43 09 39 26 26 07 08 06 01 35 37 37 40 42 21 09 12 04 38 37 08 03 28 16 23 13 23 11 28 30 23 26 45 16 06 25 29 20 37 37
10 35 28 04 31 03 12 04 14 05 41 28 14 30 43 43 04 27 08 32 11 30 19 10 07 31 42 35 06 40 26 15 30 15 18 22 25 30 26 38 41 28 20 16 12 24 13 23 12 27 16 29 18 34 45 24 19 03 20 24 43 08 38 27 29 18 03 08 09 35 07 11 17 26 26 36 11 45 13 22 26 35 12 43 23 12 28 41 14 09 27 11 16 19 44 45 43 09 14 06
43 21 16 15 08 03 12 19 09 31 02 41 20 14 45 42 32 27 44 45 36 25 18 13 06 23 19 03 31 33 09 29 08 31 05 15 41 23 40 04 08 04 45 27 24 06 23 10 33 28 09 30 08 33 04 13 11 23 15 03 10 30 31 24 23 42 45 25 19 40 35 26 05 41 14 28 02 43 37 41 26 07 25 33 40 28 07 12 12 28 14 21 13 07 06 42 03 06 21 29
45 10 16 11 13 37 38 14 34 29 09 14 35 40 08 36 29 14 02 41 04 23 23 16 29 29 19 38 34 01 28 40 17 44 05 29 35 42 42 30 32 12 06 21 06 20 19 35 41 20 30 44 04 07 14 32 42 39 25 30 39 07 31 10 12 35 01 08 38 42 38 24 09 43 07 21 17 25 10 12 06 39 17 10 08 30 03 04 30 27 41 23 41 26 40 14 23 40 22 15
43 21 01 13 25 07 34 03 38 43 22 05 44 38 21 13 30 24 23 14 05 18 44 07 06 45 21 28 39 04 04 43 24 04 11 03 17 06 05 16 03 33 21 08 26 41 27 10 19 05 30 31 29 28 44 41 27 26 30 27 29 34 25 07 44 42 16 23 02 28 45 11 15 27 19 02 30 07 11 03 18 03 40 09 30 01 04 19 26 34 45 10 29 31 23 34 27 01 11 28
28 18 39 04 44 19 06 28 25 23 38 05 25 32 13 17 39 16 42 20 11 03 36 39 34 13 28 22 13 45 05 02 17 05 06 16 23 18 05 09 40 42 13 27 36 25 43 29 03 01 03 13 03 38 14 36 13 03 13 25 02 24 34 26 28 39 03 12 11 07 27 12 04 40 38 39 26 42 29 35 42 39 10 45 38 23 42 05 25 16 37 33 39 25 20 28 25 29 39 35
36 21 08 01 22 01 01 09 04 29 44 08 29 08 14 22 37 17 33 23 33 24 17 33 10 44 16 34 27 16 30 17 43 38 24 19 45 24 35 10 15 33 24 43 02 37 19 45 09 14 22 03 37 45 35 09 43 12 42 25 28 34 03 25 33 27 06 32 05 02 03 26 34 27 24 42 18 04 03 33 17 31 42 16 30 32 31 28 05 34 14 32 22 16 19 09 42 31 02 09
32 05 41 27 38 19 30 17 30 32 12 08 17 08 30 01 01 15 35 06 04 03 44 32 26 24 41 22 16 04 37 02 15 33 35 07 13 19 24 04 12 35 19 35 42 03 36 05 25 32 10 28 42 15 21 22 39 16 05 09 27 42 18 41 29 07 03 03 33 33 07 06 29 25 41 32 34 38 36 13 24 45 02 27 15 23 03 15 45 08 30 26 11 02 29 01 16 38 03 10
25 16 15 08 40 10 01 29 09 37 03 40 43 05 21 19 34 31 33 33 45 18 21 10 26 04 17 41 41 19 12 27 42 27 34 36 43 34 26 07 32 29 08 30 40 28 03 28 13 36 15 19 15 42 28 40 45 44 43 40 25 09 21 21 35 16 18 40 12 06 08 43 41 15 27 35 42 30 24 17 27 45 35 41 42 25 42 41 30 39 43 16 03 18 43 44 41 16 45 07
28 07 04 23 21 38 19 25 29 04 41 17 03 37 12 44 16 15 02 08 09 44 23 18 23 21 23 18 43 23 24 25 29 35 09 05 34 34 36 24 37 31 40 39 29 13 45 07 27 08 14 42 06 36 14 35 18 37 08 15 14 38 01 04 34 09 08 22 04 05 45 40 35 01 41 26 13 02 32 40 09 45 36 21 42 12 10 15 03 24 36 23 24 37 26 12 07 41 41 11
45 02 12 42 03 07 22 15 15 15 09 30 14 07 05 10 18 22 31 27 07 22 04 30 13 36 42 26 31 44 36 38 45 03 41 02 16 17 24 38 31 32 22 06 45 34 22 17 17 08 43 23 36 08 08 10 44 11 35 36 16 33 35 15 35 30 24 12 01 02 11 38 40 33 05 40 21 27 18 37 41 16 21 38 30 35 02 28 07 36 26 22 30 15 37 26 45 22 38 07
23 03 07 24 42 11 25 17 44 43 15 01 20 36 38 04 32 01 39 39 44 19 15 28 40 13 09 39 34 08 08 18 17 14 42 14 31 28 37 37 25 07 37 06 04 37 17 35 44 17 35 42 42 05 25 36 17 40 37 13 02 44 30 18 19 33 38 11 23 30 02 09 43 01 15 08 37 38 04 35 09 39 39 05 43 25 40 21 19 31 33 20 36 25 44 09 19 37 20 03
28 28 12 25 28 26 32 26 18 35 16 33 28 09 37 32 33 31 15 13 24 09 39 14 40 37 30 14 35 11 16 17 45 34 03 28 14 34 08 38 31 30 25 20 45 23 14 39 16 28 06 39 36 44 14 31 43 05 06 39 15 28 11 15 17 20 04 30 16 11 30 01 41 16 27 40 39 40 34 09 22 01 09 13 45 22 05 04 34 10 42 10 37 14 31 08 34 34 45 04
07 36 11 02 06 37 03 06 39 43 21 15 44 36 34 05 13 38 08 08 02 11 17 01 25 03 08 20 36 07 23 42 42 40 05 10 31 08 22 31 12 05 01 10 40 34 21 14 34 28 21 42 01 38 42 25 40 05 44 37 18 28 34 22 22 45 38 14 14 14 45 26 18 07 42 20 02 18 33 35 07 09 32 07 01 28 38 02 39 43 38 19 25 33 40 08 33 32 29 01
07 35 26 32 41 30 06 04 02 45 39 15 08 32 29 15 21 21 16 22 19 09 40 05 41 41 20 35 27 03 36 40 44 23 33 01 07 45 04 08 45 04 30 07 35 13 29 18 40 44 39 20 14 33 25 17 28 44 06 16 08 41 17 13 19 12 13 25 11 16 40 10 27 24 24 16 43 07 40 37 12 33 12 26 27 43 42 09 03 02 31 17 05 10 29 23 21 41 09 31
18 10 03 44 33 33 22 37 01 16 36 12 11 02 44 37 06 02 08 08 11 38 24 15 02 14 44 29 16 07 15 40 17 24 39 11 11 22 10 11 44 45 29 09 08 28 01 13 29 15 20 39 07 05 15 16 18 13 44 33 27 20 27 43 43 27 15 08 10 24 25 09 23 09 24 30 43 24 04 33 45 23 34 07 34 03 29 06 23 34 45 04 09 34 08 13 15 22 28 25
08 07 40 30 22 18 22 26 04 25 21 03 10 09 16 43 18 06 04 40 40 10 43 10 43 05 22 13 34 04 44 41 18 45 25 01 24 08 27 27 40 02 37 04 17 07 08 34 20 18 36 14 28 33 30 25 45 13 44 33 24 04 28 41 03 14 03 27 29 36 15 23 44 06 33 15 20 40 11 39 13 01 14 40 40 05 26 39 17 25 33 40 35 15 42 45 36 45 26 19
35 02 03 34 15 35 10 34 29 20 34 03 27 09 42 22 13 23 22 36 09 10 31 05 31 27 04 21 26 36 01 23 38 03 11 07 44 27 02 35 02 42 37 28 12 34 11 31 18 33 21 33 42 06 37 27 40 41 10 27 31 17 04 30 27 21 36 25 03 44 14 11 40 06 45 13 01 11 43 18 05 19 12 01 31 03 34 25 05 05 07 43 22 17 27 03 38 25 34 02
30 03 12 25 08 11 37 15 28 35 39 32 15 05 39 45 14 35 25 26 39 38 23 22 09 11 24 08 35 20 09 27 22 20 06 36 38 04 05 20 45 43 14 21 09 07 21 29 41 07 09 42 44 38 18 14 04 04 22 45 23 30 26 06 05 38 41 42 04 07 23 10 11 36 31 26 05 06 09 07 12 18 03 17 17 28 30 27 31 06 27 15 36 14 20 02 14 22 05 17
28 34 33 45 32 18 25 36 23 33 42 41 12 07 19 29 34 04 10 26 16 43 40 13 19 21 14 32 42 25 10 31 14 42 30 45 22 09 42 44 03 45 02 15 06 20 05 01 30 21 26 01 26 27 13 44 02 34 37 05 13 08 35 33 11 26 32 32 41 35 38 44 35 39 20 40 20 31 41 05 13 28 12 38 10 24 43 18 19 41 23 32 03 19 26 14 07 20 45 02
09 37 07 43 37 33 45 12 18 02 23 31 29 34 30 45 19 28 18 45 23 40 38 26 20 18 01 26 37 45 35 01 44 03 05 35 36 11 08 15 12 37 45 41 32 37 40 06 19 19 05 41 20 42 28 40 21 35 27 13 35 23 20 40 26 31 36 16 42 44 37 08 35 44 10 22 35 12 34 08 30 45 10 05 03 45 06 23 34 32 42 30 17 16 24 42 02 15 19 43
20 10 12 16 08 22 44 04 40 39 11 24 38 28 28 02 27 40 25 22 34 21 07 05 44 37 08 07 13 26 11 39 42 22 10 12 05 15 15 44 09 33 30 08 15 12 17 03 14 41 31 02 23 44 06 21 36 13 34 10 45 44 04 03 21 13 14 32 34 36 31 04 30 15 12 06 33 35 15 01 30 45 02 14 44 14 42 41 33 30 05 32 29 08 42 11 27 17 42 16
07 34 19 43 03 37 03 43 26 17 05 17 24 14 38 22 27 34 17 22 25 21 08 15 29 04 25 10 21 22 32 34 17 06 32 27 04 41 24 30 13 28 08 36 41 45 19 30 40 35 06 20 17 20 34 07 31 14 17 13 42 10 08 20 15 39 01 19 42 24 10 16 14 17 06 16 24 31 07 18 27 12 37 43 39 26 05 31 01 28 43 04 37 05 23 14 06 24 39 02
09 03 24 22 26 36 38 04 21 44 22 02 18 20 06 18 45 17 03 07 06 45 10 05 11 40 18 23 18 11 31 26 20 09 10 07 44 09 11 19 07 39 27 31 13 33 03 20 11 05 33 17 11 05 21 29 44 45 06 23 17 37 10 36 07 19 42 06 27 14 31 41 14 13 33 27 07 36 08 24 02 40 40 20 06 22 03 04 21 08 33 44 06 43 34 13 23 38 18 12
13 03 07 27 22 39 15 35 36 29 14 38 30 15 12 36 44 14 01 19 28 34 25 34 38 13 01 15 12 25 26 32 34 39 20 11 40 34 07 30 24 20 29 08 42 02 43 40 22 06 20 05 39 44 45 38 19 45 14 30 31 40 23 19 40 42 36 34 30 43 26 08 17 09 23 13 11 20 07 39 32 27 43 32 32 04 24 05 10 38 42 40 39 19 14 33 16 04 29 07
01 09 22 25 24 44 44 34 25 13 35 12 01 39 43 32 43 29 37 07 21 33 02 21 06 22 08 28 25 43 35 33 06 11 19 30 16 17 25 40 36 14 06 36 08 11 23 12 39 21 18 21 15 26 41 27 02 03 10 34 01 06 28 13 23 01 42 38 17 29 32 15 42 45 05 11 10 34 22 10 16 02 30 30 27 25 12 29 34 28 24 34 33 06 09 10 06 12 02 29
40 40 43 44 39 10 16 10 43 38 19 14 39 03 05 27 27 16 10 16 05 40 11 44 45 26 08 12 38 16 41 32 18 45 37 11 09 08 28 07 45 01 27 45 11 31 26 44 09 43 21 20 44 32 19 44 12 33 10 11 11 12 43 28 12 41 45 20 03 27 33 02 35 21 08 45 14 41 05 29 45 26 03 43 19 21 03 37 09 13 03 19 24 07 08 42 02 07 24 05
41 11 13 30 39 28 36 07 23 40 35 29 27 44 26 45 20 29 44 35 03 01 15 33 14 22 30 15 35 08 26 30 25 01 14 25 28 11 31 12 13 27 40 39 33 27 01 14 17 44 10 26 06 24 14 19 07 05 40 41 19 21 33 05 21 08 30 10 19 22 21 31 11 22 31 43 10 31 11 27 29 27 14 41 05 34 14 18 38 09 20 18 29 07 23 11 15 14 20 40
35 02 32 07 23 17 04 39 10 21 27 45 02 41 41 13 29 09 37 29 17 12 01 07 25 23 24 01 36 43 02 33 06 33 39 35 12 05 29 21 32 10 20 34 12 22 08 41 31 45 24 09 18 31 23 04 16 01 05 06 06 06 45 11 01 39 08 12 05 36 32 36 07 13 31 19 35 39 14 27 45 44 35 24 29 19 27 44 20 38 12 32 06 18 42 06 11 04 24 15
01 10 13 08 29 43 26 18 43 01 44 42 06 41 27 34 14 16 40 40 15 13 26 20 30 30 32 03 40 10 24 41 26 36 03 10 34 35 34 38 42 33 35 02 35 23 35 10 38 36 05 15 10 30 41 40 14 28 04 09 44 27 11 32 25 20 41 20 16 29 12 12 23 08 13 19 31 09 29 30 45 33 44 16 24 40 10 45 29 13 15 34 02 25 20 26 06 22 07 21
13 18 32 42 26 44 16 18 07 44 02 13 38 08 29 16 09 45 22 44 20 36 32 28 22 14 08 27 35 14 02 02 38 33 06 18 38 21 35 07 26 44 19 25 06 09 02 14 16 24 19 35 14 05 17 36 25 31 24 15 06 26 23 43 20 28 23 20 10 12 26 35 10 06 21 22 22 23 42 37 01 15 33 21 27 04 18 06 41 42 27 01 29 12 05 10 39 27 29 11
01 16 07 10 22 28 32 43 05 35 41 05 05 28 32 31 38 05 43 33 01 25 40 29 36 06 45 36 33 29 01 33 44 15 04 27 42 42 31 01 32 26 12 36 15 43 28 07 02 32 01 09 11 40 44 08 01 44 06 40 27 13 34 32 27 37 14 23 41 44 30 27 32 41 24 01 01 13 08 09 44 08 25 17 10 23 24 10 28 29 11 09 42 44 03 23 35 16 08 30
21 37 18 07 40 41 08 02 15 15 17 14 29 41 30 38 19 15 09 01 44 19 17 02 17 19 31 14 41 38 05 16 37 23 30 38 25 37 01 02 13 17 15 41 13 06 34 31 20 42 38 25 16 09 26 39 34 12 14 36 11 19 14 09 03 43 08 34 34 08 35 01 25 04 41 44 16 36 36 36 33 28 15 10 44 03 03 39 21 17 30 38 42 43 02 44 40 16 39 35
24 29 35 10 39 37 08 10 28 43 07 15 32 28 31 30 30 40 24 12 18 15 05 14 12 13 19 13 28 13 02 06 03 36 22 41 34 29 05 16 33 18 37 20 01 22 04 37 24 34 04 41 03 08 17 21 27 35 33 09 09 41 22 11 31 43 07 27 34 18 42 21 36 34 40 43 17 06 34 40 01 37 43 04 06 14 31 32 10 19 41 19 14 17 36 07 21 42 40 09
22 36 30 19 31 31 16 10 43 04 04 44 03 01 09 08 14 39 02 24 19 42 04 40 20 39 08 02 43 02 11 19 37 02 44 30 39 14 39 37 24 04 42 26 05 05 41 25 05 42 10 24 45 20 18 26 14 32 27 18 33 37 43 31 45 41 22 39 16 15 37 39 19 33 27 30 37 29 16 41 32 33 26 31 07 05 11 27 36 44 44 30 43 41 16 42 43 44 35 13
14 26 14 39 20 02 30 11 30 45 14 23 39 39 15 01 44 32 34 41 30 40 26 27 35 03 24 40 01 20 07 21 08 20 21 27 28 05 38 19 12 13 41 05 06 10 12 11 41 01 07 26 02 39 14 36 41 37 30 03 12 44 24 26 25 06 07 08 11 06 26 22 18 29 26 31 38 38 41 41 45 09 21 01 09 34 43 04 33 35 14 06 40 44 31 19 04 37 26 14
43 14 35 22 42 23 07 34 22 10 36 28 25 11 35 34 07 39 37 39 28 12 06 22 10 36 03 21 34 28 34 38 03 31 15 44 15 28 40 36 37 30 25 17 03 14 05 16 07 03 16 42 15 21 25 31 18 27 06 06 17 40 44 19 32 20 18 01 02 19 43 39 10 29 10 12 42 21 27 10 23 04 06 44 24 31 30 41 12 42 02 35 43 07 09 29 26 33 36 27
06 40 20 22 23 36 34 26 18 22 36 03 33 03 01 11 40 37 14 14 34 15 03 31 28 11 22 08 43 19 34 10 14 16 32 43 13 27 24 31 10 21 33 42 23 40 15 18 32 28 31 27 42 33 12 31 44 40 38 03 14 33 13 27 10 06 31 30 39 09 15 03 29 09 07 07 10 21 31 41 03 16 29 06 03 03 36 08 42 28 18 10 22 37 43 32 42 29 16 35
44 37 44 28 07 05 41 16 25 26 19 34 03 02 39 12 04 29 27 01 18 44 17 02 35 22 40 38 12 17 27 10 08 32 44 21 44 01 36 30 33 16 19 35 18 12 09 21 03 35 28 27 33 45 28 29 28 22 21 39 38 09 10 07 40 16 34 38 16 32 23 11 02 03 45 19 14 15 02 23 04 29 05 43 35 39 26 17 16 08 17 15 16 34 29 18 04 17 17 26
03 01 36 05 03 43 30 24 12 31 01 23 15 12 20 04 06 08 28 28 15 44 04 31 32 32 10 42 11 26 23 13 27 13 24 29 17 09 14 29 39 15 06 15 33 25 26 38 32 08 27 09 13 31 39 07 17 10 03 27 35 25 02 16 45 32 07 16 40 20 44 41 41 11 17 29 43 42 28 36 11 10 44 24 40 44 30 18 08 32 07 43 19 08 20 18 39 33 33 41
15 39 43 17 04 14 07 01 18 35 37 28 06 42 06 45 41 42 24 03 29 30 07 09 37 34 26 38 21 20 33 42 20 37 14 31 05 20 38 29 16 36 12 21 33 24 27 28 21 06 37 11 35 06 19 27 39 06 26 21 32 13 18 07 04 31 37 15 12 36 44 28 27 17 03 21 40 30 03 22 35 01 32 24 06 12 12 44 24 37 20 11 11 44 24 21 29 22 36 02
12 41 29 38 12 32 13 06 23 22 28 12 30 21 42 35 40 16 41 18 07 22 28 25 27 06 45 17 27 42 18 01 37 02 38 10 40 13 23 24 41 12 42 25 32 38 22 26 08 24 06 22 07 33 01 33 01 07 11 34 04 28 34 02 36 34 12 30 01 34 08 03 45 11 35 38 04 11 26 18 41 31 01 09 25 08 03 25 15 13 21 18 40 09 19 31 42 37 22 04
25 37 07 31 02 03 24 12 20 11 37 15 41 37 30 20 45 32 07 14 44 27 38 38 42 18 30 39 10 14 04 41 05 17 27 13 19 12 25 38 22 16 14 17 14 43 43 13 29 11 33 27 44 32 27 41 05 11 41 21 24 06 16 35 23 04 03 41 15 34 41 43 04 09 21 24 07 19 37 35 36 31 24 42 18 05 37 22 22 39 04 08 44 19 04 28 23 13 31 44
01 26 42 11 41 17 35 02 42 26 44 40 18 22 36 35 33 34 18 16 27 21 30 32 40 34 15 24 01 07 29 09 32 32 19 27 11 08 36 07 40 34 08 13 17 43 09 11 31 27 33 19 02 18 13 03 13 27 33 20 40 24 28 33 10 02 14 20 16 11 34 18 06 41 37 22 39 07 39 31 33 27 05 42 44 17 06 18 05 39 37 44 17 20 38 33 28 06 08 05
24 41 29 29 43 20 13 36 27 06 29 21 32 40 17 37 18 23 09 22 23 08 27 01 27 19 40 16 31 02 20 16 04 04 45 02 30 12 44 18 24 34 39 18 28 17 16 45 01 32 28 23 39 16 30 20 41 25 35 34 33 16 04 44 26 03 07 11 21 12 28 45 01 28 17 28 45 32 35 45 18 24 30 18 40 21 37 35 07 33 23 40 11 34 38 36 36 06 01 12
17 36 18 17 18 41 07 17 27 41 24 07 26 15 24 20 35 23 17 42 17 01 43 27 34 35 25 25 40 25 43 18 22 22 35 40 17 41 18 05 43 41 18 23 17 04 05 07 26 21 03 04 21 07 38 17 41 17 03 42 41 07 21 18 28 10 19 44 12 36 03 16 39 21 01 17 24 05 23 11 32 32 14 07 38 06 30 40 22 32 43 25 38 19 04 20 35 29 25 02
26 28 17 26 10 17 43 33 28 20 05 14 14 25 28 06 38 12 08 21 06 05 45 43 30 10 25 20 38 04 28 19 38 44 44 02 23 41 41 05 23 45 19 36 32 08 03 24 19 10 44 24 22 06 29 13 15 08 32 15 11 14 40 11 20 38 12 04 41 08 08 18 14 33 15 45 40 17 30 21 34 29 44 17 41 34 29 10 41 23 31 14 43 25 24 17 25 42 20 20
11 35 44 25 22 13 31 24 36 16 06 31 06 04 02 01 45 38 17 40 15 03 15 12 27 45 36 06 42 17 32 07 06 30 38 35 04 24 20 02 01 25 39 06 35 03 13 34 40 29 36 16 31 05 34 20 12 31 32 08 03 26 21 15 10 14 04 21 44 30 29 06 09 22 11 44 31 30 32 25 13 29 02 06 34 36 32 07 28 18 14 30 43 41 45 15 09 10 42 14
40 32 19 03 08 36 08 39 20 02 25 33 30 34 45 25 31 31 31 13 10 06 43 15 02 04 29 17 20 32 38 21 18 11 31 32 09 38 32 28 01 19 22 31 07 21 17 37 13 10 04 23 22 08 37 30 18 27 09 38 20 01 13 37 18 43 30 26 43 17 16 43 35 37 35 41 20 14 32 39 23 42 23 06 05 21 36 22 02 44 21 28 06 34 19 23 38 04 11 35
27 26 40 16 24 29 18 05 04 11 06 26 07 28 32 11 04 29 40 12 27 15 40 39 10 13 16 03 23 33 44 11 20 45 33 06 36 05 10 39 22 15 27 29 43 20 39 08 03 40 19 36 10 13 29 19 33 06 28 17 01 34 28 20 33 22 25 30 34 42 24 10 18 05 38 22 24 39 29 26 33 03 23 04 15 06 30 09 18 12 26 18 07 15 38 02 36 24 31 24
20 09 34 38 20 33 14 43 26 43 30 21 07 14 24 21 19 15 30 44 27 17 16 40 31 15 41 28 01 34 07 20 04 02 19 24 34 33 28 22 37 20 04 43 33 34 25 14 04 16 19 37 39 34 31 24 11 34 07 11 29 20 37 32 21 11 17 16 05 45 44 03 26 09 07 13 43 38 33 08 09 06 44 09 02 36 33 12 31 01 29 14 27 20 08 09 37 24 24 41
23 30 05 03 38 11 23 42 04 17 11 19 23 09 27 31 07 21 04 44 21 32 20 09 13 27 17 12 05 03 07 28 32 19 37 31 29 21 35 32 38 45 12 22 16 39 07 22 14 10 27 42 03 01 05 22 27 29 33 32 31 02 21 24 20 19 09 03 02 05 42 39 05 08 22 20 08 35 03 29 06 29 25 08 37 36 29 25 19 17 11 11 25 38 34 44 19 05 08 20
09 11 20 13 26 41 39 33 30 41 16 42 32 02 04 23 45 39 02 18 17 20 36 41 19 24 01 37 35 09 11 44 19 30 18 44 32 12 32 23 07 09 19 45 11 29 22 10 23 31 34 01 12 31 42 30 10 42 22 06 12 39 04 31 31 29 36 17 40 29 02 08 38 20 08 10 04 36 26 33 28 21 33 39 07 36 31 23 40 07 28 06 07 39 43 37 22 34 16 23
17 17 37 16 36 06 25 01 42 12 33 31 33 28 32 39 18 17 23 12 30 05 25 36 05 22 35 33 17 05 10 34 21 02 11 11 07 43 19 10 09 06 03 41 33 34 41 13 05 25 31 41 37 10 31 41 39 20 29 10 31 45 05 06 01 16 24 15 13 42 24 21 09 26 24 04 21 26 16 25 06 01 27 42 18 13 44 11 39 34 27 25 34 32 37 34 02 15 03 21
11 34 03 27 21 26 30 42 14 07 28 26 14 10 29 31 29 27 03 29 16 30 15 04 23 07 44 31 21 09 06 39 42 08 20 24 41 11 20 09 17 03 41 30 19 24 23 02 05 25 30 27 16 45 37 38 13 36 23 33 06 35 33 09 43 07 32 38 17 14 08 40 16 03 25 41 26 02 42 37 33 33 26 11 39 17 03 06 14 33 01 26 22 33 34 26 02 21 25 25
34 39 20 11 41 06 06 28 14 09 27 01 03 07 18 42 30 28 09 44 15 09 31 43 42 20 31 43 02 10 29 42 04 03 07 06 08 19 34 28 34 15 36 36 28 08 32 12 35 41 17 04 11 03 09 07 29 39 11 30 03 40 26 13 04 39 19 19 12 14 01 45 28 36 42 17 44 29 35 33 31 14 44 41 23 14 10 06 07 27 42 16 28 22 36 32 22 09 12 40
22 19 01 11 10 42 27 15 32 23 09 17 36 14 20 20 27 36 32 40 17 28 18 07 11 08 45 32 16 11 26 44 29 26 09 45 30 42 21 16 19 30 40 17 05 21 43 39 11 30 33 34 12 12 02 30 19 01 16 41 11 04 39 02 36 02 08 20 05 29 43 31 20 37 02 24 12 06 17 29 35 12 24 09 23 26 38 04 26 08 44 44 18 38 45 09 01 14 35 06
42 32 36 16 30 44 02 03 04 25 31 39 43 10 02 21 42 01 24 22 08 29 27 33 21 33 41 29 02 37 34 43 31 31 21 15 29 29 25 39 08 10 39 06 26 02 33 22 02 18 06 17 01 32 04 29 20 06 12 21 42 07 25 34 37 07 11 27 35 35 20 05 06 21 10 32 22 04 15 24 21 27 40 28 14 43 11 40 10 22 15 13 28 01 02 26 08 12 07 04
01 34 08 06 09 24 44 37 27 21 15 09 02 16 37 15 20 02 09 29 31 30 42 20 38 43 01 45 16 14 10 23 09 18 35 17 03 34 09 37 09 30 45 10 08 36 32 27 45 02 18 37 32 14 11 31 18 18 37 40 32 01 17 02 25 06 19 28 01 34 19 09 25 25 26 32 23 19 21 22 20 38 13 13 13 30 43 37 03 34 31 41 42 02 42 21 07 22 03 15
17 28 23 42 08 10 35 30 28 10 13 10 09 32 22 21 16 27 12 18 22 42 20 18 05 17 39 19 45 03 33 17 31 17 20 45 27 16 36 16 33 03 25 41 41 09 24 11 35 35 36 11 39 10 29 05 33 29 23 33 31 10 11 23 27 37 29 15 07 26 30 39 35 17 35 30 25 20 41 21 16 38 31 09 09 21 14 42 11 43 36 04 08 08 33 41 44 17 17 05
42 08 06 32 24 02 23 10 21 25 30 36 17 23 07 26 05 20 29 16 17 26 26 31 40 13 33 38 36 04 04 33 19 16 26 42 17 03 14 37 35 05 35 06 27 41 38 39 22 28 16 45 08 41 38 02 08 25 01 44 36 12 38 09 27 25 12 44 34 25 42 23 30 38 29 18 33 28 11 16 11 26 16 25 28 08 34 43 39 34 03 29 07 40 37 34 26 11 39 14
35 42 37 26 35 27 44 29 16 16 45 26 04 15 06 31 29 39 28 22 34 30 06 41 31 04 36 11 21 29 32 11 32 30 36 21 18 41 05 33 12 04 14 15 25 26 07 08 19 42 36 07 33 03 09 19 07 44 36 27 27 29 44 21 13 42 41 30 44 07 25 10 17 38 31 03 18 45 10 43 41 01 11 28 03 20 08 16 18 06 05 07 34 10 27 09 13 22 38 12
36 24 28 07 16 14 10 40 20 26 44 15 33 10 04 43 29 12 20 01 24 31 07 12 41 33 20 15 17 20 26 07 43 09 20 21 29 36 22 03 17 28 24 11 37 27 08 20 45 35 27 23 20 41 42 15 35 23 37 13 04 17 26 02 32 01 29 22 43 12 31 21 39 09 32 30 43 01 11 42 35 45 27 10 40 23 31 36 45 22 04 04 01 29 12 32 36 02 16 34
13 01 16 07 17 02 43 14 03 09 17 44 15 43 08 16 20 01 06 27 29 16 30 29 07 03 23 42 04 38 37 16 45 08 29 16 16 27 36 25 42 08 24 11 05 38 33 25 38 45 13 29 16 04 12 22 06 34 25 09 33 17 31 33 31 15 03 01 03 39 26 44 08 11 16 12 03 03 43 03 02 10 31 24 13 04 45 25 38 25 33 32 03 26 19 40 02 29 40 04
29 27 02 36 37 24 02 02 33 07 04 41 23 41 20 36 44 19 15 43 05 10 30 14 42 10 08 43 38 10 01 21 36 09 18 35 32 27 36 26 33 39 21 10 34 40 07 39 21 22 37 32 38 28 01 34 37 15 31 30 24 38 12 22 01 30 11 39 18 08 19 05 01 39 14 41 34 21 41 16 04 32 02 03 21 09 43 13 24 35 04 09 27 22 30 34 13 02 27 30
09 45 34 16 38 10 18 33 37 14 03 02 07 05 04 28 13 08 02 43 42 05 07 30 33 43 18 01 07 44 30 22 43 26 45 42 42 17 37 33 37 39 34 06 05 44 40 25 13 41 22 09 07 35 38 39 40 10 01 01 15 38 29 19 18 28 15 21 07 13 08 05 07 03 10 18 08 04 04 20 06 26 28 12 22 27 13 16 43 13 23 12 12 07 30 29 41 06 04 02
19 18 07 32 20 23 04 34 34 08 08 39 40 35 13 16 23 25 39 20 44 16 31 11 29 22 01 25 28 12 26 01 36 39 39 11 24 42 06 12 11 14 05 12 10 17 35 33 03 28 14 09 05 45 19 34 28 26 13 10 37 45 17 28 01 10 45 24 14 05 35 31 18 01 43 35 25 32 22 34 14 35 42 18 41 15 13 31 03 25 02 39 32 26 28 32 42 34 10 10
01 06 03 18 13 45 14 37 38 42 33 13 32 29 37 34 06 05 26 08 36 28 08 22 08 43 08 04 31 24 21 31 36 23 11 11 29 24 02 21 21 41 33 14 25 24 09 30 28 35 44 26 24 06 02 31 03 17 34 41 02 16 26 45 38 43 10 21 22 18 03 04 14 35 24 38 21 32 29 10 28 27 35 06 39 37 36 04 15 32 44 16 02 24 15 02 29 31 29 05
04 32 15 17 28 38 09 03 31 44 20 14 25 09 19 18 07 17 21 21 10 26 44 18 05 20 26 40 06 10 44 09 03 20 25 30 12 40 40 42 38 14 17 24 22 43 03 36 14 24 11 30 04 16 02 15 36 28 09 03 44 14 11 01 40 42 37 06 43 31 10 35 44 26 20 28 23 22 18 43 07 35 27 11 06 36 32 41 25 03 05 23 23 15 30 18 18 21 30 15
07 39 04 12 27 30 39 11 06 11 16 13 01 04 30 13 39 23 15 25 25 19 02 10 33 31 27 05 14 18 19 20 12 29 31 45 20 32 10 25 42 25 37 04 29 28 16 29 06 30 09 37 10 17 01 42 10 34 08 23 07 33 42 25 23 34 24 42 20 40 22 24 20 20 27 10 03 05 45 08 41 08 44 06 25 07 09 41 40 24 18 08 11 21 32 41 09 10 37 36
12 20 14 38 02 02 02 04 13 08 18 09 16 23 21 02 29 36 42 31 14 21 38 25 41 32 27 11 03 18 01 14 45 14 06 01 16 14 11 35 22 28 05 44 12 25 45 03 23 03 33 36 23 32 22 18 18 03 28 21 28 36 34 27 04 02 27 26 15 37 16 43 26 20 41 37 07 02 39 36 04 33 26 33 20 10 05 44 19 40 19 01 30 15 34 40 23 15 28 44
13 05 42 45 24 44 37 37 01 37 27 11 25 15 44 06 31 03 04 04 04 30 12 40 06 45 42 28 22 24 26 41 28 29 41 13 28 39 12 35 30 45 45 16 21 43 28 06 08 32 17 11 23 28 13 35 27 16 17 10 39 04 06 28 33 01 02 22 39 13 11 30 13 10 01 40 08 28 01 22 21 17 39 05 44 06 39 32 21 17 42 21 21 02 10 15 09 12 36 09
24 08 38 43 17 45 45 31 35 45 07 17 23 01 22 28 13 22 14 41 39 17 23 14 25 33 35 33 44 25 41 29 39 41 34 10 02 33 03 36 39 16 08 16 23 36 43 43 19 18 45 12 35 22 32 14 09 21 09 14 07 11 43 45 06 38 17 08 25 26 05 18 03 19 33 33 16 37 30 35 09 29 08 43 05 40 19 21 22 27 34 36 37 38 42 05 30 13 19 09
45 30 33 03 04 27 35 19 18 26 15 34 16 23 38 27 24 11 02 07 44 43 42 36 35 39 02 20 13 27 35 13 11 30 15 21 11 11 02 36 36 16 24 06 45 23 32 23 34 41 30 32 38 33 29 34 26 30 15 39 18 12 06 29 41 27 11 13 44 12 10 34 35 40 01 34 18 39 12 06 41 03 44 33 35 28 29 23 19 43 16 37 09 28 27 11 09 37 24 07
11 33 02 45 35 09 33 07 09 06 19 05 08 17 44 05 06 27 27 25 25 42 23 33 24 04 44 39 02 29 07 12 23 08 11 12 23 44 25 31 11 43 35 19 22 34 30 27 15 11 06 39 14 28 34 44 38 39 44 02 22 05 20 06 12 31 18 34 36 42 26 01 02 16 26 23 04 10 04 18 27 17 19 40 06 07 45 06 45 43 07 28 02 26 33 20 18 12 15 08
16 41 16 17 11 03 39 21 13 04 38 39 20 11 41 26 24 40 31 30 38 44 12 01 24 07 21 04 18 42 11 33 37 33 11 09 36 11 29 10 15 22 10 34 39 05 21 25 07 06 09 06 04 28 06 35 34 33 38 13 30 10 08 21 05 18 37 40 29 20 11 43 41 20 38 42 32 14 21 38 26 36 05 37 18 10 33 13 43 25 33 34 41 40 16 45 12 07 01 02
27 11 44 29 38 44 32 24 12 07 23 44 05 27 42 29 43 29 04 02 15 36 35 11 30 06 17 03 12 25 05 45 42 10 29 34 08 15 19 26 29 41 25 40 22 21 23 27 05 26 28 26 23 18 36 07 30 15 17 03 01 28 03 42 37 38 38 45 14 11 32 42 14 11 43 42 39 21 23 05 08 06 30 31 23 28 44 07 04 15 16 04 42 18 45 41 17 37 40 31
10 26 34 30 44 32 26 44 14 04 03 21 16 32 06 38 21 05 06 24 19 28 27 23 01 34 18 17 32 19 09 41 06 43 25 11 36 13 09 04 16 11 24 31 05 30 30 25 41 42 11 21 24 37 43 31 25 22 10 12 02 25 14 08 22 01 18 19 13 27 22 35 44 01 27 10 37 18 42 32 14 07 14 44 05 19 37 30 40 08 03 42 32 23 04 16 23 28 34 42
16 11 31 15 18 12 24 16 29 20 09 04 33 22 10 38 40 08 29 35 15 38 38 08 15 03 30 45 30 19 41 08 36 34 22 15 45 07 30 36 34 38 01 21 14 17 13 09 24 41 05 45 33 42 15 10 06 44 09 35 17 11 04 14 44 25 28 06 39 12 03 27 04 03 02 25 20 22 40 05 17 44 05 12 02 19 21 07 24 36 03 41 01 07 09 45 38 44 05 31
10 14 19 21 16 28 45 42 04 39 09 27 44 20 38 45 38 20 06 16 10 08 18 11 21 34 17 14 32 28 06 41 41 25 23 18 07 22 15 17 22 23 43 20 42 43 19 41 24 31 18 34 01 43 06 21 31 22 41 24 11 02 26 06 26 04 23 39 32 44 10 09 28 07 35 31 11 16 33 35 01 06 30 08 10 35 29 02 18 31 25 35 32 05 02 19 15 24 12 02
30 28 17 19 35 06 05 07 21 37 03 29 04 32 36 20 28 26 21 07 12 45 41 43 12 42 24 26 28 35 27 19 18 43 37 14 11 03 27 31 02 30 21 05 16 12 32 44 44 07 05 10 14 08 15 25 04 38 12 31 34 01 04 06 43 03 26 15 05 08 08 06 37 28 18 14 01 04 19 45 10 31 16 30 38 30 16 41 22 28 34 18 28 44 23 32 01 11 02 06
18 16 11 16 43 28 29 06 38 03 05 10 33 20 39 25 12 17 27 40 44 22 12 33 21 42 19 21 07 27 33 24 42 06 39 02 40 29 07 33 38 18 42 25 44 42 11 10 13 45 12 18 21 23 05 03 19 31 31 25 12 18 10 16 23 10 24 25 39 30 12 31 09 15 18 07 11 35 24 31 34 35 03 17 12 08 19 38 38 04 24 11 29 34 33 13 05 11 37 43
02 10 36 10 24 15 17 42 04 40 27 45 36 36 16 02 05 41 01 04 07 25 15 42 13 09 09 17 20 08 22 28 17 19 38 03 33 16 44 43 17 32 42 07 22 19 15 27 15 16 30 28 40 06 24 14 22 39 37 03 01 13 30 18 38 22 27 32 37 25 30 08 11 33 21 39 07 36 27 28 06 19 10 07 31 40 20 07 33 11 09 41 31 39 20 23 22 01 10 14
25 01 28 42 33 11 42 39 01 24 28 13 04 44 19 34 38 38 03 33 10 11 28 40 11 02 25 33 02 34 08 33 41 35 36 28 45 32 29 07 17 11 19 20 10 44 09 09 43 11 41 08 28 30 02 39 31 26 26 39 21 33 33 16 29 23 06 36 10 34 42 26 06 23 08 22 28 16 31 26 33 33 33 15 18 34 15 10 22 02 11 04 41 43 27 25 21 32 22 37
27 25 24 32 02 31 09 30 08 01 10 40 40 04 17 19 44 38 29 20 40 01 24 35 43 05 21 25 43 42 16 24 22 02 17 30 32 32 21 40 32 37 41 34 02 19 07 01 12 42 20 06 42 05 02 02 16 30 26 20 26 04 43 09 12 15 01 43 08 28 44 02 27 40 35 28 20 03 28 31 45 10 43 03 14 07 11 37 36 44 11 16 09 16 32 20 37 32 17 44
21 23 45 02 24 41 30 43 44 12 29 05 21 26 07 42 39 18 33 29 23 05 45 31 27 38 05 18 31 28 24 06 05 30 08 28 26 37 26 24 10 16 28 31 03 41 27 42 20 21 25 42 32 31 27 14 23 38 38 08 21 23 21 32 08 28 15 33 26 02 18 35 17 45 20 19 02 08 22 29 28 02 25 22 32 14 42 17 13 34 24 33 12 44 20 26 33 41 13 13
42 30 03 20 36 22 38 44 37 15 27 26 23 14 02 09 27 43 32 39 39 18 34 12 16 15 37 11 10 11 23 13 02 32 32 44 16 31 42 07 45 31 32 29 44 34 45 32 38 31 25 31 03 20 04 26 34 40 36 05 12 20 17 13 07 03 11 22 34 15 35 40 45 21 24 43 16 23 29 16 08 15 08 18 42 12 43 30 13 33 35 25 07 13 44 20 16 10 41 11
31 30 05 37 13 35 41 35 12 31 05 27 45 13 44 03 24 41 33 43 35 29 22 03 41 21 23 18 37 25 28 29 17 33 20 36 22 15 25 41 45 30 29 06 04 34 09 34 36 03 31 25 38 08 34 33 35 11 06 33 43 40 16 14 27 35 11 11 11 35 13 17 26 41 22 29 29 37 17 26 01 03 05 38 17 38 33 13 11 45 45 08 39 15 28 28 11 38 38 21
34 05 37 15 07 20 43 42 19 15 22 19 24 33 12 40 32 06 07 42 05 13 11 05 27 45 32 44 44 24 26 33 35 24 02 03 43 06 06 16 20 27 42 05 21 15 44 08 20 12 11 31 24 29 35 12 28 22 10 27 07 35 21 04 13 22 06 18 27 12 40 09 45 43 13 21 12 19 35 38 37 45 23 23 28 13 34 11 34 06 44 02 02 19 05 22 02 18 01 35
36 02 05 35 45 25 17 11 43 06 04 41 06 26 18 40 45 14 05 40 26 10 42 34 35 08 17 36 25 17 33 22 19 37 12 18 16 35 35 20 03 45 16 08 33 40 02 32 15 14 27 02 30 30 36 20 37 07 17 24 31 04 45 11 03 11 28 18 08 24 45 10 24 22 24 11 23 32 04 45 45 30 01 37 14 43 11 13 12 34 36 42 45 35 07 02 08 41 26 15
26 32 24 04 08 09 21 31 40 25 30 02 16 37 38 30 35 10 42 08 43 39 11 04 28 24 05 35 19 38 04 06 24 34 17 32 04 37 24 44 23 15 45 39 06 44 30 02 15 33 16 19 26 26 23 08 04 27 05 29 26 08 35 05 04 06 36 07 04 21 12 34 35 18 27 02 16 18 11 37 05 26 11 30 14 33 44 17 21 03 08 02 18 04 06 28 09 03 41 19
23 08 07 19 25 40 27 03 12 44 39 16 32 04 07 45 43 13 23 19 22 30 20 39 33 25 21 03 27 17 29 11 31 35 36 17 37 17 19 03 16 20 26 02 30 32 08 28 06 30 01 28 22 20 21 16 06 04 19 39 27 09 04 19 05 01 35 41 17 09 44 39 35 24 02 19 17 09 01 23 01 08 05 22 34 32 37 39 42 17 32 23 25 35 03 30 35 38 32 14
08 30 14 42 15 16 22 39 31 30 16 38 37 27 14 26 20 13 19 17 29 13 01 16 02 04 07 44 03 38 19 10 30 32 06 06 09 27 44 02 18 21 39 10 09 15 42 29 27 22 07 17 34 14 32 43 17 45 41 19 38 21 35 29 14 40 34 30 29 40 31 01 22 24 17 31 45 20 21 26 42 27 43 30 40 36 27 19 36 29 44 35 04 34 18 25 35 13 09 25
14 39 33 36 24 11 21 24 31 03 11 27 29 08 11 30 06 45 10 41 28 16 30 39 11 09 25 45 28 33 32 42 33 19 39 11 29 21 41 21 23 07 02 13 21 20 04 26 19 14 28 08 36 19 08 01 27 32 45 17 26 38 20 13 11 13 31 02 40 33 22 17 01 31 36 22 05 39 09 30 14 37 44 11 10 14 11 44 45 18 15 33 10 41 45 28 08 30 29 09