50 50 20
04 07 12 14 11 09 02 19 08 12 20 01 05 07 04 14 04 19 11 14 05 05 06 14 04 12 11 10 19 05 08 02 12 11 15 02 19 09 13 19 20 12 11 05 10 14 18 13 04 20
18 20 04 03 14 20 07 16 09 05 01 08 18 12 19 12 05 09 12 09 19 12 20 10 16 09 15 05 14 19 04 11 10 19 06 15 18 12 11 19 08 03 18 05 06 08 08 10 17 20
19 15 03 10 16 10 11 11 06 04 01 09 06 10 19 11 05 09 14 07 07 13 09 16 17 14 04 17 15 12 08 13 06 02 15 14 11 05 04 16 08 04 16 13 05 14 16 09 14 09
07 20 02 15 16 10 08 11 18 15 02 17 19 19 18 13 12 20 17 15 15 16 10 10 01 15 16 16 15 09 16 02 01 09 08 08 11 08 18 20 02 19 17 20 17 06 13 01 06 01
07 12 17 17 02 17 03 09 04 09 09 11 10 01 20 18 08 10 05 17 01 18 07 17 17 04 15 09 16 20 02 02 11 10 10 04 18 12 04 01 13 05 11 02 05 02 11 05 03 07
01 04 04 08 12 13 03 06 13 18 05 14 11 08 03 01 03 20 04 07 12 16 03 03 18 07 16 20 03 19 19 04 02 14 03 13 06 17 19 19 14 15 12 16 14 07 16 17 06 20
15 18 15 17 12 04 15 07 16 18 17 14 13 18 07 07 03 13 03 13 11 08 07 14 03 13 20 19 01 18 18 15 15 04 03 18 08 09 16 03 18 13 08 10 10 14 16 04 06 18
16 08 17 15 14 20 07 13 10 07 10 07 13 16 02 07 13 09 15 09 03 13 01 10 14 02 16 10 06 13 19 13 01 16 07 14 07 13 18 16 19 08 14 03 15 15 09 08 16 04
08 18 08 20 20 01 13 15 02 10 07 01 03 19 08 09 04 06 02 02 01 12 01 06 15 15 20 15 14 15 10 01 05 17 20 16 18 13 10 11 02 08 03 16 07 02 05 10 07 18
11 07 09 03 12 15 18 04 02 11 10 11 04 14 08 03 09 17 07 10 07 01 18 10 16 04 11 12 05 10 09 08 08 10 10 20 16 07 15 17 10 04 08 13 10 15 15 10 03 14
12 09 06 09 10 13 04 13 05 20 02 13 07 09 02 17 20 18 15 06 14 04 10 13 16 11 19 03 12 01 08 03 02 13 03 03 05 18 15 09 18 08 02 04 17 15 12 08 12 07
14 18 10 15 02 18 05 01 20 08 13 07 11 14 11 13 09 15 03 03 16 20 03 09 15 11 03 07 18 07 05 03 16 06 17 17 03 13 17 14 01 10 12 11 15 02 15 03 09 17
18 04 08 12 12 03 02 14 01 11 12 17 14 07 02 02 04 17 15 12 10 07 13 14 09 20 15 15 14 03 04 03 18 11 14 09 05 15 15 17 18 06 13 03 05 07 04 08 03 10
11 04 16 04 17 16 03 04 11 16 18 14 19 16 16 12 16 01 19 02 17 08 20 02 10 04 08 13 11 02 03 01 05 10 16 14 06 18 09 08 06 06 13 16 13 08 19 09 08 09
02 17 16 01 18 05 04 05 18 06 06 12 07 02 13 14 07 10 04 15 17 09 13 09 04 05 09 14 05 16 03 07 04 18 07 01 03 11 17 12 16 14 15 14 16 19 20 14 09 03
01 17 11 13 18 06 17 06 11 14 13 13 20 17 11 18 09 05 20 06 08 08 19 02 13 06 12 12 12 20 14 12 09 16 04 06 13 12 03 04 05 07 16 16 03 18 06 04 02 05
09 01 12 19 14 05 05 06 16 16 17 02 19 05 17 02 02 10 05 16 13 10 03 20 17 17 18 02 20 11 19 08 12 02 19 17 18 15 02 14 10 19 07 20 15 03 01 17 04 05
12 16 06 06 08 15 03 05 08 14 15 06 02 18 20 12 15 17 06 08 02 07 18 08 06 13 11 06 01 06 02 12 02 08 10 09 14 12 05 01 17 11 19 18 01 18 09 15 14 14
14 08 20 12 15 17 04 17 02 04 03 16 07 16 15 16 16 08 19 20 08 16 02 18 05 02 15 06 08 01 11 02 08 03 13 14 19 08 11 13 11 05 08 09 20 02 17 15 09 15
06 08 02 07 18 19 09 04 16 16 16 06 09 15 20 01 09 19 20 11 11 10 15 10 11 06 11 07 20 11 13 17 10 15 03 07 05 03 03 20 11 18 05 19 13 05 12 01 15 11
03 17 13 17 06 03 02 16 09 13 18 01 01 19 07 15 18 11 18 20 02 20 17 07 18 01 03 01 13 09 04 15 05 16 03 10 10 16 17 10 08 06 02 20 04 09 15 01 11 04
12 13 03 01 11 12 01 05 13 14 13 16 20 09 03 03 10 12 10 06 01 18 03 02 09 06 02 03 19 05 06 10 09 20 10 19 12 03 15 16 08 19 03 19 07 05 01 16 08 11
13 20 20 07 13 20 12 15 03 02 11 20 04 19 20 05 09 03 07 03 18 06 13 20 05 19 16 17 06 15 19 10 14 10 16 06 10 19 12 04 13 02 03 16 12 14 20 20 16 19
02 13 04 14 04 20 04 19 17 01 13 15 02 18 17 09 16 06 20 07 09 12 01 03 19 12 17 18 04 12 08 05 17 04 11 20 03 06 11 11 19 15 18 12 05 14 01 20 11 12
18 11 03 18 13 01 02 09 10 05 13 18 01 01 13 03 12 15 01 02 18 19 09 15 02 13 20 14 04 10 05 01 20 07 11 12 19 04 13 01 08 17 18 20 17 02 03 08 08 15
02 05 13 02 19 14 06 18 08 09 19 04 09 18 03 19 10 01 02 14 01 01 10 10 13 18 11 07 05 19 01 18 03 13 19 14 18 04 03 17 04 02 13 13 11 15 03 20 15 17
05 08 17 06 17 01 03 20 07 20 18 07 17 12 11 08 17 01 03 12 17 07 13 01 19 03 15 13 15 10 09 11 17 18 17 05 18 11 04 05 10 13 11 19 17 02 06 05 02 20
16 10 06 20 11 16 15 05 01 01 06 09 11 14 06 19 19 16 10 14 20 11 19 10 09 15 03 06 19 16 06 07 18 03 06 20 11 12 04 11 12 02 11 15 15 09 13 05 04 14
11 03 05 09 04 05 15 19 03 05 14 20 11 03 14 09 02 04 20 18 06 04 19 17 18 05 05 02 02 08 08 12 02 04 12 17 08 06 15 10 10 01 01 13 03 15 01 05 10 12
02 16 15 20 04 12 16 20 14 17 19 01 20 20 04 11 16 03 16 03 05 18 03 05 10 05 11 02 09 01 13 10 16 08 01 11 19 17 10 04 05 08 16 05 19 11 07 14 14 15
16 10 12 18 06 13 15 17 14 03 17 18 13 04 05 05 14 16 13 03 11 18 02 19 14 20 09 20 13 14 14 01 03 17 10 09 01 04 17 14 07 13 04 11 16 08 15 01 15 08
03 18 17 04 16 10 03 04 01 07 10 07 19 04 03 01 04 04 04 20 09 02 12 04 04 19 04 11 19 18 10 13 15 06 08 10 07 10 06 19 09 07 05 19 10 20 19 14 03 15
13 03 16 17 07 12 07 10 02 06 19 03 10 06 20 18 07 06 19 04 04 07 10 09 18 20 20 16 13 14 10 17 16 18 13 14 09 12 15 02 09 06 04 18 11 03 15 09 20 14
13 15 12 02 15 09 01 14 17 05 07 18 02 15 15 06 20 15 17 15 16 05 12 11 03 14 05 09 02 04 02 14 11 06 16 05 06 08 19 02 13 05 20 14 19 06 11 19 01 08
05 08 04 08 11 06 01 15 07 02 11 20 08 01 05 03 05 11 02 15 04 14 20 15 19 10 01 10 08 13 17 04 12 12 11 02 18 11 09 16 05 11 15 12 11 20 06 07 02 07
14 17 13 13 12 11 14 04 20 14 16 08 17 19 20 20 01 09 02 09 04 06 11 18 09 13 09 06 19 02 05 12 19 17 16 02 07 10 05 19 03 12 18 11 10 17 10 10 17 12
10 20 09 12 10 18 04 18 03 03 12 07 06 10 15 14 11 02 15 07 12 17 18 09 19 19 06 09 01 14 12 10 14 20 14 15 17 17 04 12 11 15 10 09 04 05 02 06 18 16
12 09 04 01 17 02 20 14 02 20 08 13 01 13 13 14 19 01 11 02 12 01 09 14 09 12 18 02 10 07 09 13 15 12 14 03 06 05 09 07 04 16 20 16 20 04 10 18 04 12
11 08 04 19 01 05 03 10 06 12 16 15 16 02 18 09 16 03 13 04 10 08 19 01 04 10 04 13 07 19 16 18 06 19 08 18 03 10 19 09 01 06 15 17 19 12 17 15 07 02
18 08 09 09 08 04 18 03 08 17 13 03 06 19 02 13 08 16 03 07 16 15 04 10 03 03 14 20 17 20 13 14 19 13 14 18 17 12 20 04 20 12 19 05 02 20 09 02 15 11
20 03 06 03 12 20 05 17 19 13 08 03 19 06 16 12 15 12 15 06 15 14 10 13 10 11 04 19 04 11 01 03 13 18 06 16 18 02 05 08 15 12 11 05 10 06 08 04 17 03
10 03 08 19 08 10 01 03 08 05 05 20 07 09 18 04 05 07 06 01 14 12 12 04 16 13 01 15 17 09 17 06 04 17 16 03 06 16 05 05 20 10 16 19 10 13 02 14 19 19
14 05 10 18 20 17 10 01 12 18 01 20 03 04 08 10 06 05 06 03 09 17 04 17 07 13 09 09 19 20 19 04 16 09 01 15 17 03 07 20 20 08 12 03 03 19 04 01 04 01
03 04 10 06 20 16 18 01 16 08 12 15 12 07 15 12 13 03 14 20 03 14 19 14 08 01 04 03 01 07 04 03 03 13 20 14 20 10 14 16 17 17 02 08 03 08 12 16 10 05
07 12 10 05 17 09 05 01 12 06 19 15 20 13 19 12 07 18 01 12 05 17 09 06 17 11 13 08 18 15 04 04 06 14 08 15 14 05 07 05 02 05 11 13 18 09 04 16 07 04
07 11 13 15 09 01 18 13 20 15 07 03 11 05 08 10 19 02 14 05 18 07 01 09 20 10 17 03 05 15 19 04 06 03 18 06 15 15 18 14 02 17 16 12 01 16 01 11 17 07
07 06 13 19 14 12 09 11 07 05 17 05 08 02 19 18 19 13 12 09 06 13 05 13 04 17 08 17 19 16 03 05 02 15 15 15 19 03 17 05 20 14 01 19 07 19 16 18 03 08
06 08 12 02 20 08 10 20 04 08 15 06 04 08 12 18 15 10 13 11 14 12 16 06 10 15 04 18 12 06 05 09 05 08 10 17 15 19 16 18 18 02 15 01 10 19 18 04 20 10
06 06 13 02 11 15 08 15 12 19 12 08 07 17 15 08 05 02 18 20 11 15 01 18 15 02 16 04 05 07 06 11 12 18 04 03 04 03 09 07 01 20 14 19 08 01 18 12 02 15
03 04 09 16 01 15 17 08 10 02 15 15 04 06 05 19 08 08 01 16 07 13 08 20 03 15 12 20 19 05 14 01 09 14 16 09 20 05 17 09 18 03 04 13 08 20 11 08 19 03
