100 100 50
17 18 41 44 49 49 05 47 33 46 42 36 15 30 09 36 37 43 46 13 25 23 34 50 02 29 26 32 05 29 09 23 46 01 18 46 49 23 42 32 20 35 17 36 15 27 22 03 19 19 15 46 42 50 45 43 31 21 25 35 01 33 10 48 34 27 43 34 01 37 15 20 23 34 06 37 12 29 39 33 47 05 30 38 05 24 31 35 46 07 21 46 39 30 45 24 09 40 08 09
28 24 31 50 09 38 37 21 16 27 05 14 32 34 02 38 09 34 22 05 40 44 02 30 24 47 04 34 36 13 44 13 36 24 14 45 13 50 17 28 29 23 42 10 06 45 49 14 28 20 18 19 15 22 48 40 20 03 23 07 15 17 21 01 42 34 47 05 36 15 34 14 37 25 25 42 21 23 07 50 44 27 18 08 48 18 48 17 20 22 23 35 38 45 37 32 28 35 36 13
49 19 26 37 46 02 30 18 24 36 18 19 12 37 27 09 04 26 27 26 47 01 12 37 45 50 18 25 34 05 37 34 23 15 22 20 16 01 38 42 36 05 10 48 43 38 08 49 13 37 24 12 37 37 48 34 36 17 08 21 21 46 06 43 10 27 15 28 27 02 19 14 08 30 11 50 18 21 48 32 07 23 43 45 09 42 30 44 08 39 16 28 35 21 23 46 47 37 23 25
40 43 39 47 23 01 46 40 21 44 21 29 16 16 26 27 07 07 22 17 46 38 46 32 10 18 27 07 06 02 33 47 44 21 43 18 24 41 09 46 36 32 25 01 47 02 29 05 10 01 21 05 40 17 36 49 36 15 07 44 18 40 40 13 12 33 31 35 23 41 31 08 22 07 10 20 10 41 25 19 41 47 26 30 13 13 30 01 27 37 44 44 28 33 07 39 17 39 26 41
29 06 48 03 14 10 22 23 50 48 43 42 45 18 23 09 31 02 09 09 40 02 03 19 37 11 08 03 01 35 44 31 42 43 33 05 02 05 29 03 02 21 46 48 41 18 07 21 22 15 29 13 19 33 32 05 45 41 07 45 25 02 26 16 45 10 20 48 16 50 03 18 22 48 17 12 18 23 32 41 40 13 03 08 45 34 12 42 26 20 36 50 22 13 15 18 23 36 15 38
35 19 07 07 17 24 20 36 48 02 26 37 16 30 44 12 16 07 03 41 27 39 41 50 03 07 17 27 43 33 17 29 02 25 37 20 50 07 05 48 10 32 34 25 11 30 36 26 38 39 17 14 29 07 15 33 13 33 10 07 16 28 36 19 02 24 38 02 30 44 49 41 25 34 17 35 15 05 11 03 45 29 18 25 37 33 07 49 15 18 08 32 45 45 50 47 18 39 48 50
32 48 42 06 33 09 43 50 15 05 02 09 33 21 33 19 03 41 19 20 09 28 03 03 22 03 01 40 43 48 41 25 47 32 32 32 42 24 31 06 30 34 16 14 04 48 32 09 41 03 28 49 30 32 03 02 34 04 43 29 03 33 03 50 16 36 33 08 12 13 15 41 46 31 05 49 30 38 07 20 40 36 18 22 18 23 25 03 26 17 31 30 01 35 29 18 21 11 27 32
25 42 22 20 22 28 21 01 16 27 21 07 13 40 30 32 14 04 34 39 22 17 21 24 01 01 44 21 14 20 02 38 11 26 10 32 05 30 35 22 06 07 31 20 46 10 01 12 16 37 02 39 03 22 13 03 23 06 26 36 25 29 23 38 04 32 21 11 11 05 32 19 11 12 40 09 24 43 20 39 29 21 27 33 43 41 35 17 46 12 02 23 41 26 10 44 10 32 04 20
37 38 40 49 49 30 09 22 24 28 10 02 01 39 36 45 29 22 11 27 34 14 01 24 39 12 19 48 43 25 20 29 12 11 30 10 42 38 34 15 18 45 18 20 35 03 16 14 25 28 42 08 41 42 31 31 03 01 29 45 25 50 26 36 10 05 48 02 44 33 18 13 27 36 32 12 38 47 27 12 24 18 21 16 09 03 47 11 04 25 05 28 26 30 16 37 36 13 38 30
45 06 44 23 41 26 36 30 24 12 42 48 29 14 15 39 17 11 49 20 37 06 47 12 37 12 49 25 26 38 06 22 45 49 47 37 24 32 17 48 46 10 47 24 23 11 15 39 24 15 10 10 20 07 22 09 20 22 33 48 09 38 21 06 36 17 42 12 49 10 11 46 19 07 19 44 19 35 32 42 50 42 02 19 50 25 27 21 48 11 20 08 48 41 13 34 09 07 47 09
16 07 04 35 15 25 30 33 09 11 27 08 04 30 29 05 06 07 28 03 18 49 10 15 39 25 50 50 31 46 08 46 02 12 32 18 36 11 01 46 24 29 04 29 10 32 36 15 38 13 19 07 11 28 22 02 04 23 01 34 21 10 32 24 21 15 42 08 26 44 04 01 22 07 29 31 40 16 47 29 30 15 36 41 44 09 44 48 31 46 33 01 05 16 25 26 31 16 35 08
09 38 08 32 46 38 14 35 04 10 16 33 26 01 25 19 09 20 18 41 15 03 42 22 18 18 49 50 33 33 07 43 21 16 26 18 04 39 05 09 50 20 43 25 22 18 45 30 39 15 20 06 17 13 27 36 30 25 36 14 07 42 06 29 08 31 47 13 21 01 23 20 20 15 46 41 34 43 22 23 07 43 28 25 06 04 12 37 28 47 01 36 41 08 15 50 41 11 14 11
13 36 33 34 50 30 26 34 22 47 08 30 41 37 04 48 40 16 35 19 14 35 06 06 44 20 05 34 32 20 45 44 05 27 29 05 08 04 40 30 02 47 09 43 35 15 40 26 32 26 44 47 10 49 03 04 21 09 39 02 29 33 48 33 11 26 39 19 30 28 50 31 26 08 25 10 24 17 35 07 42 30 04 04 31 06 07 01 16 47 04 44 30 01 27 42 29 17 12 10
45 11 40 22 21 17 34 44 33 20 03 24 02 06 27 32 13 35 34 28 32 39 22 13 42 50 04 20 16 16 29 12 28 20 34 48 36 19 44 18 38 46 44 39 03 20 22 15 07 07 42 38 46 15 02 37 14 05 08 30 22 36 43 02 05 26 49 43 46 44 12 34 41 05 24 43 27 48 07 35 04 01 24 01 15 25 37 31 31 44 12 03 31 04 06 38 32 04 30 27
50 43 10 40 50 36 35 26 35 41 12 38 43 35 41 10 09 27 40 39 23 01 43 05 06 48 42 37 04 23 14 03 16 25 44 15 12 28 42 46 21 03 36 15 37 26 24 47 04 13 35 28 15 30 33 23 27 26 09 32 49 24 36 16 49 30 32 10 09 23 08 31 27 43 46 15 18 19 11 21 34 47 49 50 26 33 22 05 08 31 36 06 06 22 23 04 03 04 16 11
28 25 42 04 17 37 20 34 07 32 06 40 31 04 40 06 36 13 10 46 45 48 03 01 19 26 06 21 29 21 33 07 45 24 12 13 12 34 46 19 15 04 08 45 09 49 03 47 12 14 42 06 11 44 08 31 19 14 03 48 34 36 06 31 11 19 43 23 02 41 43 19 44 02 15 02 03 17 48 14 33 41 21 43 35 29 26 05 42 28 02 27 13 09 09 26 28 04 50 31
44 42 01 39 43 16 42 47 34 42 12 16 32 33 11 18 13 36 23 06 13 26 34 28 37 43 03 14 48 02 46 43 45 47 31 39 14 24 36 47 17 47 13 01 31 25 18 45 12 42 50 26 18 36 03 04 30 07 19 27 10 16 19 06 12 49 45 25 24 32 24 41 30 38 41 11 12 10 05 23 02 07 48 19 44 03 24 23 11 44 49 23 09 17 28 21 17 24 47 40
05 20 30 35 09 22 47 20 32 03 44 35 11 44 05 04 48 28 26 08 21 24 30 29 40 10 01 06 33 50 48 40 21 29 26 30 01 22 01 34 26 45 18 37 38 22 42 35 01 18 44 23 43 26 01 35 35 04 42 19 05 39 10 25 18 35 04 20 08 07 05 34 01 24 22 40 47 13 26 47 32 19 19 25 44 21 11 30 26 02 49 30 41 08 07 10 45 12 31 02
18 35 37 18 10 10 09 06 25 34 02 06 03 22 32 48 44 42 28 20 44 28 01 36 37 07 45 31 21 25 35 38 11 21 08 20 33 16 25 07 50 28 12 04 01 46 01 44 37 30 15 32 09 16 17 46 24 11 28 46 37 14 34 49 37 41 18 19 08 44 25 09 23 36 12 23 31 15 17 20 44 31 01 05 48 18 50 24 30 29 19 17 43 04 17 29 46 35 47 04
30 23 12 03 10 26 25 43 40 43 12 35 24 12 39 23 31 40 48 11 21 17 29 13 20 47 43 16 31 41 21 13 13 34 15 24 09 39 16 48 32 27 33 07 41 23 31 23 15 29 35 35 47 15 49 18 12 41 35 42 33 05 04 47 39 20 20 49 09 36 47 42 14 31 50 04 05 32 29 19 10 13 03 08 28 01 28 39 43 12 32 25 19 38 21 09 07 43 07 17
28 05 10 43 37 09 47 42 41 25 10 02 39 13 12 16 15 39 04 08 02 38 32 20 25 05 30 33 47 39 50 26 43 11 18 30 20 16 23 12 42 32 15 31 46 26 48 11 14 04 18 16 41 01 37 17 05 17 49 03 05 50 30 49 11 50 30 32 17 02 43 09 36 07 41 31 35 38 41 48 41 10 15 33 11 02 49 17 20 50 22 26 49 01 26 11 02 06 42 19
09 36 29 44 45 19 27 29 08 19 28 01 29 45 33 41 46 34 07 17 33 30 42 33 33 17 44 34 24 37 04 35 25 32 28 21 02 04 01 12 25 28 12 03 22 44 45 19 27 01 35 11 33 28 44 15 47 39 50 22 25 04 06 01 37 36 21 39 39 21 02 13 01 13 17 22 08 11 43 37 14 29 47 46 07 40 12 05 28 11 26 05 14 32 07 03 17 28 41 07
50 42 22 50 06 40 24 13 03 18 49 16 46 48 13 04 39 26 08 17 36 36 23 02 19 31 04 35 08 46 43 10 39 16 09 44 06 34 08 10 01 09 27 49 06 39 02 44 16 10 12 01 45 36 04 13 17 07 49 26 04 43 35 42 11 46 37 18 31 47 27 32 05 03 30 12 43 31 07 08 42 21 10 38 08 14 02 24 22 02 02 26 45 38 19 05 33 06 22 14
02 48 47 08 02 28 21 44 10 27 01 02 49 10 41 07 23 43 32 47 44 33 22 40 23 40 46 05 47 17 20 50 16 18 07 17 45 29 10 07 08 12 10 06 24 50 14 48 44 46 44 40 30 15 29 02 07 27 09 03 43 30 05 11 50 11 29 44 42 41 02 49 02 11 06 25 13 20 25 06 17 18 47 48 35 28 02 41 04 10 45 48 41 49 08 40 12 37 36 03
27 37 03 30 50 08 07 12 29 31 19 47 48 16 45 32 43 46 22 46 07 19 43 49 17 03 39 28 39 26 32 17 14 34 46 13 44 02 26 24 34 45 21 32 10 17 15 04 14 39 49 22 07 43 20 23 47 10 03 35 35 34 03 01 20 01 13 13 02 39 36 36 33 08 19 44 24 33 47 39 21 47 10 27 41 30 02 38 41 06 24 28 39 27 28 08 27 42 22 30
30 10 17 14 19 37 09 45 20 07 33 42 05 43 21 46 24 24 35 16 29 10 43 17 38 20 27 16 14 50 46 43 11 14 09 30 01 19 24 22 26 06 15 30 50 35 27 25 08 13 41 36 23 35 05 10 07 33 26 20 32 23 14 43 38 24 24 40 43 47 11 20 04 28 01 04 14 28 28 22 42 20 09 14 05 15 26 13 47 03 32 31 25 45 25 14 19 48 04 13
44 16 32 49 43 32 02 07 11 32 30 03 03 40 18 09 07 43 21 05 45 02 35 21 49 11 35 17 10 38 29 05 05 12 04 48 43 05 06 04 38 35 06 41 26 23 49 32 18 20 37 14 21 23 35 19 36 21 37 45 10 17 50 14 30 03 13 23 09 18 28 47 04 35 39 32 09 37 15 26 08 01 42 31 26 28 01 11 48 40 07 09 08 06 24 38 10 37 10 21
06 39 17 12 23 07 45 31 45 09 09 03 12 50 35 37 27 35 49 26 26 07 34 34 13 09 21 24 47 32 44 03 20 12 16 42 20 10 24 15 18 32 19 31 33 03 17 09 39 17 34 17 24 19 50 38 30 20 11 26 01 07 30 22 20 45 13 40 06 36 04 26 20 24 06 02 28 25 11 16 43 46 32 16 17 33 03 46 02 16 23 04 24 03 25 45 49 39 34 05
27 39 32 46 12 37 47 39 13 09 07 06 07 40 21 25 23 26 22 26 43 44 32 18 46 08 12 45 47 46 01 25 36 32 20 50 20 18 40 33 29 46 40 37 38 12 11 10 39 34 37 31 27 18 50 25 26 12 19 24 09 21 50 46 02 21 45 23 38 35 07 18 32 46 04 19 08 16 28 48 49 17 31 28 34 30 02 11 43 20 36 01 40 35 47 43 05 43 17 45
27 24 14 09 19 20 29 28 35 09 26 36 25 08 13 10 37 14 23 30 35 08 32 26 45 30 20 01 23 36 47 01 09 11 09 30 32 40 09 16 48 36 03 22 43 15 31 30 30 05 09 14 15 40 39 09 20 10 11 44 46 10 44 04 22 05 33 03 44 42 20 41 27 23 12 20 39 44 01 19 49 09 32 13 50 23 23 21 32 35 16 29 44 10 33 17 14 17 19 07
10 39 49 37 13 10 08 01 05 10 21 05 20 03 19 19 27 43 42 10 30 07 39 25 18 23 42 31 39 10 39 49 50 37 37 14 48 46 15 05 05 35 09 24 39 30 44 17 24 37 29 03 46 19 28 13 41 19 46 31 30 34 31 32 23 19 45 20 16 11 24 20 48 35 45 38 16 41 05 39 27 35 44 24 03 21 37 45 41 32 25 20 17 08 03 39 26 48 11 42
10 34 13 07 20 10 45 37 50 01 26 28 35 21 02 37 41 40 31 31 23 07 02 39 14 05 30 42 04 40 33 13 25 47 20 47 06 14 33 07 14 10 37 50 30 38 36 20 29 18 02 01 24 06 41 38 10 20 29 13 11 13 27 36 09 46 34 17 11 16 25 26 28 11 25 07 50 12 29 28 29 32 30 03 37 23 42 46 42 22 10 05 34 37 42 44 34 25 12 47
40 37 22 17 49 49 26 01 10 04 30 39 35 10 43 24 32 34 21 25 05 31 29 40 19 20 35 02 44 49 48 36 37 22 04 35 20 29 35 31 34 15 19 21 26 13 44 09 46 14 33 02 46 14 43 14 35 30 18 31 28 17 16 14 38 21 48 09 50 35 40 35 01 10 05 26 23 48 34 20 14 18 24 09 33 16 25 18 45 44 48 22 10 15 37 50 37 35 10 36
21 49 23 21 11 27 46 35 27 31 04 40 50 27 50 33 45 24 50 41 19 49 15 29 15 01 28 01 37 39 39 07 38 11 27 50 39 24 34 15 06 37 06 06 16 06 40 10 31 41 02 50 39 16 30 05 17 09 07 03 47 47 10 36 09 38 35 50 14 20 14 21 09 22 28 24 27 17 35 09 07 36 10 47 02 41 03 18 49 10 22 46 08 33 33 19 21 18 18 36
39 31 06 47 02 36 20 30 02 06 41 09 42 02 05 45 43 08 14 41 19 35 38 28 18 21 46 40 40 13 25 28 46 32 25 49 17 46 31 21 02 23 29 45 24 35 39 16 44 02 09 14 38 46 42 05 18 39 46 09 04 22 37 01 04 13 49 22 08 31 42 11 03 22 05 27 09 45 44 04 48 02 18 36 50 11 42 17 01 38 26 04 09 14 04 14 28 05 38 37
35 31 48 40 05 04 18 13 01 11 18 48 15 35 35 14 47 29 30 48 16 07 03 26 22 07 42 49 13 29 36 49 09 33 38 13 38 05 27 38 18 45 38 32 31 22 45 30 02 26 27 19 35 29 45 06 37 38 07 49 16 42 48 26 26 37 41 15 44 19 03 11 15 42 44 46 15 40 25 17 17 03 35 03 33 31 11 22 18 17 22 33 08 19 11 35 08 01 49 01
19 03 13 34 44 08 31 09 49 07 25 15 11 09 18 45 42 28 16 09 46 38 44 03 08 04 39 15 06 37 17 26 40 31 11 33 38 43 43 36 49 17 03 11 28 22 06 19 01 23 29 46 10 22 50 20 27 38 36 34 26 05 10 15 35 22 50 25 15 44 12 15 11 14 26 40 37 33 10 37 05 38 32 17 12 31 38 40 20 23 24 46 27 35 12 14 06 11 38 22
07 01 39 17 17 16 08 03 48 17 40 04 04 23 20 17 06 07 07 25 32 30 20 10 14 32 23 21 44 12 45 50 15 33 18 31 48 25 33 47 41 24 50 47 49 22 13 04 28 19 28 11 48 48 21 13 31 45 36 24 09 32 26 23 14 43 03 13 18 37 09 10 13 08 06 11 29 19 14 09 37 43 19 37 42 41 49 22 36 36 48 46 17 23 18 32 17 22 44 36
08 02 46 22 12 01 32 40 19 47 50 06 42 19 42 33 11 42 07 46 30 06 41 46 30 10 28 46 31 23 32 41 25 27 12 36 27 44 27 46 42 27 03 33 47 46 18 07 37 24 05 18 29 47 14 08 07 43 05 37 17 38 27 41 14 39 28 43 34 07 40 27 33 42 10 31 37 27 37 25 02 43 45 30 40 10 39 46 02 45 34 20 33 13 13 48 03 42 40 38
48 29 14 32 22 23 12 10 01 01 37 02 43 31 33 32 40 23 29 43 18 15 12 02 29 24 49 31 16 39 20 13 19 33 47 41 08 08 50 08 10 36 12 03 16 44 36 05 19 17 47 36 33 11 39 11 34 37 43 49 25 12 14 46 44 10 36 03 19 37 11 29 23 24 33 40 17 20 47 37 36 45 22 20 05 12 30 39 49 22 39 25 33 04 20 29 15 05 31 34
44 43 14 18 16 46 07 35 17 05 21 05 50 45 24 06 06 04 46 04 27 35 29 10 40 50 38 05 07 20 38 50 13 03 17 28 50 25 12 16 30 35 20 31 29 46 36 34 01 32 40 27 18 20 36 09 19 25 13 27 45 02 26 09 04 44 36 03 19 50 21 50 36 42 30 14 37 17 49 37 50 40 16 19 09 01 28 30 28 40 06 24 44 34 32 47 29 19 02 47
20 24 48 05 15 29 20 04 46 21 42 47 10 07 16 21 10 43 50 39 34 07 12 29 42 45 26 21 13 29 17 35 04 17 41 20 45 11 23 42 33 17 39 42 25 04 12 36 48 13 24 33 20 37 12 11 31 39 31 46 19 50 32 22 16 22 41 12 34 16 04 16 34 42 10 08 47 21 46 46 34 21 30 05 08 41 15 40 31 48 37 49 49 18 20 16 42 13 27 25
28 30 43 11 23 02 20 21 24 15 16 09 36 46 13 45 38 30 34 21 27 21 19 25 40 41 40 31 05 18 08 32 48 50 44 22 03 15 43 26 32 10 37 19 07 49 13 47 28 48 17 06 18 35 32 08 27 23 40 31 41 47 14 40 46 09 11 50 24 05 28 05 15 14 23 23 12 37 19 42 34 35 47 04 22 31 13 48 03 02 31 45 49 46 36 46 05 49 46 30
03 25 34 19 38 08 42 01 44 10 42 29 47 41 32 18 23 44 17 27 46 49 22 46 45 07 41 01 05 38 30 10 14 15 28 01 22 21 02 17 33 45 45 29 37 29 48 09 22 16 36 19 15 09 14 09 17 07 09 22 46 40 33 10 04 12 10 27 33 13 43 17 10 39 47 46 17 46 07 41 11 44 09 25 02 23 35 20 31 43 41 26 32 25 35 37 37 47 13 21
11 07 37 20 46 35 18 14 30 26 04 40 21 13 17 22 37 01 43 17 44 36 42 27 10 29 16 46 27 28 16 37 35 04 09 32 40 26 47 19 03 01 11 23 15 27 46 03 27 38 19 22 23 12 01 33 42 16 30 18 43 48 07 29 03 15 12 43 42 09 11 44 09 23 18 25 49 13 27 26 02 47 49 25 10 49 09 04 16 38 21 11 37 29 39 40 43 01 32 34
09 44 29 19 17 46 45 15 10 23 42 12 21 43 36 32 43 46 35 09 33 08 19 20 36 09 11 29 11 42 14 21 35 43 41 03 40 35 18 50 09 11 11 29 03 48 13 46 43 47 06 27 06 24 48 42 34 08 22 45 49 37 15 36 31 06 38 21 42 07 22 01 20 32 31 22 29 43 19 23 42 26 49 47 01 47 40 35 04 11 29 05 48 45 42 30 02 29 50 44
38 23 46 07 04 28 30 34 23 01 06 14 26 07 10 27 03 50 11 08 12 41 14 11 37 05 41 39 36 42 34 23 15 31 31 20 08 12 06 30 12 13 45 38 19 07 16 23 08 28 31 19 20 46 32 06 01 24 46 38 15 29 12 31 09 42 01 19 03 06 50 17 18 45 06 39 01 21 11 08 50 43 28 19 39 09 26 41 32 24 28 49 04 39 29 15 32 31 33 34
38 32 02 08 26 07 46 28 29 06 35 28 01 13 48 39 21 26 29 05 49 06 03 02 46 33 16 27 14 48 12 01 32 14 08 09 20 05 37 49 11 21 28 11 35 26 01 08 03 31 12 01 38 16 02 33 48 20 09 11 19 22 14 50 35 21 09 05 26 47 05 38 17 34 50 02 11 02 11 13 32 22 13 19 37 17 01 36 36 11 47 04 32 10 06 19 32 16 25 09
12 29 48 28 12 49 31 23 50 43 35 33 14 50 01 02 16 03 38 03 15 36 08 47 47 13 17 30 28 41 41 39 19 38 19 32 39 01 06 38 44 43 23 09 44 23 13 09 28 02 11 42 39 20 40 35 33 06 16 12 46 06 03 16 46 21 50 34 23 05 23 18 49 45 27 42 20 39 02 47 42 14 40 30 34 30 14 16 35 31 27 33 37 29 48 34 01 47 19 26
04 43 43 02 40 21 44 09 11 45 07 02 11 46 31 44 27 46 09 12 27 37 46 15 18 43 50 18 42 18 45 47 10 38 48 49 08 43 09 19 40 17 22 50 13 03 43 39 50 03 02 26 39 47 42 06 42 41 26 35 10 22 31 20 09 30 20 19 23 31 39 14 47 10 15 11 14 07 02 14 11 03 41 49 02 33 07 45 23 34 29 33 07 09 04 16 38 25 36 12
05 26 27 04 35 41 14 49 49 15 14 09 20 04 10 21 36 18 17 11 03 45 45 09 05 50 24 44 24 11 08 31 36 34 34 23 25 49 21 23 16 36 34 35 39 43 07 25 10 23 37 12 19 33 20 25 32 46 18 05 06 27 37 44 11 22 16 37 21 38 11 36 23 44 22 11 36 28 37 47 02 25 08 20 07 28 44 38 25 13 45 32 40 31 25 02 05 40 40 25
29 50 12 01 44 33 14 31 12 02 28 13 27 35 34 33 14 29 21 40 41 17 22 32 49 48 35 03 40 24 29 18 24 40 21 19 24 34 49 37 35 28 49 11 15 34 46 30 12 16 20 03 34 43 36 32 40 21 35 29 44 13 47 19 05 17 37 28 02 38 15 36 15 15 49 29 49 44 09 10 11 28 14 44 22 02 25 11 22 09 40 17 24 38 36 28 06 22 07 07
09 21 44 24 38 42 04 36 37 12 47 47 41 13 42 12 14 19 23 37 29 14 03 02 03 38 31 08 12 38 14 20 08 09 45 47 01 49 34 39 12 31 38 03 45 29 16 08 47 40 46 28 05 48 29 07 38 10 14 49 47 29 20 06 38 15 03 40 15 36 30 26 18 17 30 12 48 48 21 46 37 16 23 44 16 02 50 03 13 16 03 09 46 22 16 33 36 20 24 02
08 04 28 25 22 09 39 19 06 11 15 45 27 37 38 44 40 37 48 02 04 50 12 50 23 30 34 09 49 08 10 06 13 39 33 34 48 21 05 03 31 19 47 09 07 34 04 49 23 01 50 26 02 14 27 25 43 11 35 43 20 46 01 34 35 33 19 32 03 23 36 35 43 35 44 50 20 47 48 44 50 49 22 01 14 48 25 08 10 11 01 31 07 01 14 41 35 33 24 37
07 11 23 50 47 16 01 17 15 50 12 14 48 33 14 14 33 41 21 42 03 23 23 09 25 38 49 09 22 24 47 29 37 20 28 33 37 28 49 01 27 11 16 26 45 32 39 27 24 12 21 26 36 43 35 11 32 35 21 04 09 20 32 45 41 09 27 27 38 28 30 16 40 45 41 34 26 32 13 01 43 33 27 30 27 11 42 08 45 13 11 05 34 44 01 24 04 30 02 41
09 33 08 48 28 49 33 05 32 45 08 26 29 34 05 05 44 47 15 40 09 27 47 44 21 47 17 26 28 20 19 36 03 26 35 32 24 18 38 07 14 45 32 45 28 37 49 23 33 13 15 43 42 11 36 12 09 04 37 37 25 05 24 29 33 09 10 08 28 50 15 43 44 46 37 24 32 36 48 16 50 12 08 41 22 45 04 31 50 43 19 25 49 42 05 31 50 15 39 29
16 03 22 09 50 08 34 32 45 32 49 47 45 09 39 19 03 43 49 05 37 19 31 35 10 35 16 12 01 06 40 16 08 11 27 07 21 10 40 15 43 39 13 40 47 02 08 01 46 08 05 32 26 37 16 35 22 31 46 24 36 38 40 45 48 16 04 20 27 43 35 22 33 47 11 29 50 20 32 45 27 38 26 02 25 42 38 48 24 36 21 12 23 12 08 22 27 11 42 04
06 28 27 38 26 37 19 26 06 50 22 34 39 48 35 15 41 24 14 16 09 35 27 33 46 35 07 25 47 48 30 02 27 06 40 02 44 10 29 01 11 01 34 49 50 20 14 40 43 27 07 04 13 34 38 11 20 44 35 18 43 16 20 19 21 11 23 16 20 03 16 30 03 01 30 04 22 45 45 16 24 02 19 36 37 09 48 08 04 34 25 47 49 44 17 21 06 39 36 25
44 03 06 46 03 38 02 26 32 46 42 05 47 10 43 33 20 40 42 24 26 17 20 24 12 38 47 18 29 32 44 22 37 50 19 41 39 20 17 20 16 08 27 14 19 19 49 39 10 40 12 35 06 33 11 18 22 07 35 50 40 28 21 28 29 40 19 17 09 37 39 26 44 15 40 12 33 38 02 44 29 15 29 35 49 41 04 21 49 40 20 38 17 41 18 48 32 36 16 42
24 04 20 17 18 09 30 02 48 34 46 26 48 26 12 47 16 15 17 16 04 38 05 23 30 22 22 11 09 39 05 32 43 24 48 12 34 30 16 33 13 11 08 10 38 22 08 05 38 26 20 44 14 24 18 43 46 41 04 06 29 10 38 21 33 37 35 16 16 50 48 30 10 07 42 49 30 49 03 20 25 22 13 38 47 32 32 42 22 37 48 50 46 37 21 30 23 07 47 41
06 46 20 17 05 11 15 34 10 17 03 36 40 17 25 36 48 06 30 19 43 29 21 40 15 43 20 39 49 16 29 04 12 49 20 16 09 36 01 20 02 06 07 43 24 31 28 22 37 09 42 31 37 14 20 03 06 41 44 04 07 22 09 20 22 30 37 31 15 39 02 18 44 09 10 18 39 40 41 27 48 34 09 37 48 31 41 03 21 34 09 29 08 19 48 29 49 36 11 13
25 13 31 20 21 42 39 11 31 31 40 31 15 48 19 14 28 11 18 01 45 26 29 04 47 29 32 45 14 43 09 40 05 39 10 27 33 48 39 15 31 28 45 45 28 15 08 07 26 27 07 22 05 38 25 01 16 06 45 29 48 03 21 04 44 30 32 26 29 21 42 09 50 37 05 27 03 14 36 28 41 42 49 45 29 25 45 46 31 41 27 30 43 47 36 38 28 17 13 08
39 05 19 39 43 23 17 45 39 02 25 31 46 25 27 26 50 21 22 30 13 50 11 05 46 46 43 25 15 07 32 05 13 50 45 07 25 12 04 15 15 28 45 12 02 21 38 03 43 11 34 05 12 45 11 07 42 03 33 08 12 14 13 24 16 07 31 42 20 34 06 37 13 02 48 16 24 37 19 16 49 02 20 10 46 32 18 40 35 50 47 48 14 11 21 31 20 03 22 39
38 29 25 50 32 23 18 05 11 36 20 10 37 41 19 35 22 37 26 08 36 24 05 01 35 28 33 06 32 06 44 20 34 21 21 17 45 40 21 05 25 40 14 14 32 33 50 06 21 25 15 08 48 20 09 34 49 41 39 32 47 35 03 32 05 26 49 49 15 21 05 40 13 19 05 44 03 04 01 25 30 16 32 29 37 40 13 35 33 03 18 31 37 21 14 43 46 14 43 10
35 48 01 47 18 05 42 22 10 43 46 39 08 27 18 44 19 32 30 01 34 49 33 23 19 46 17 14 10 10 26 46 09 28 42 28 35 33 49 44 27 44 33 34 22 02 29 40 33 10 40 18 09 24 40 27 20 09 43 31 20 20 26 30 47 17 07 31 01 05 27 28 50 11 13 21 12 42 13 44 03 02 13 11 28 03 40 47 13 32 27 32 03 04 11 01 20 17 32 22
23 10 49 24 20 14 46 31 05 08 26 07 12 38 20 39 42 09 35 04 42 13 37 44 16 47 46 37 15 27 08 39 38 09 12 07 22 08 39 28 17 14 36 28 02 05 16 45 15 02 49 06 16 37 01 33 34 47 19 50 25 29 39 13 39 02 21 12 11 10 41 28 23 26 07 26 33 25 23 47 26 23 05 44 09 07 26 44 05 45 44 32 25 34 46 13 37 16 24 48
25 16 27 50 41 33 27 25 07 49 24 35 21 30 28 32 36 03 25 43 49 20 24 23 03 19 35 40 36 10 39 13 25 15 14 18 49 40 42 08 41 15 42 13 46 19 44 32 23 21 26 22 40 49 44 45 19 31 36 06 42 24 18 17 40 33 36 40 25 27 47 15 44 38 29 39 08 25 22 33 45 47 04 36 47 49 30 17 29 15 25 21 40 44 39 31 27 24 21 01
02 17 17 47 07 45 38 16 21 11 48 15 10 03 01 06 02 32 25 32 47 49 04 38 42 44 19 18 17 39 20 21 07 36 19 13 33 06 31 03 17 28 20 26 33 22 33 34 03 09 17 01 07 23 39 01 16 09 20 35 47 40 05 05 27 25 18 09 31 48 14 49 27 35 26 09 06 08 44 10 17 13 11 25 35 01 25 50 09 45 36 07 36 40 11 12 15 30 23 47
29 36 45 06 20 22 16 27 29 12 36 47 26 46 24 10 48 48 11 06 44 47 14 29 38 25 43 04 04 15 50 33 02 46 40 23 19 07 49 48 18 34 46 43 32 19 04 31 19 17 39 14 13 02 45 02 26 37 06 32 03 07 16 04 05 05 28 23 11 26 22 31 11 20 25 44 40 31 25 08 47 13 24 09 14 18 10 42 06 17 25 08 24 40 13 28 44 40 02 06
15 24 38 27 43 15 21 32 45 47 42 41 11 15 01 26 34 12 17 39 31 41 48 04 32 10 33 27 01 34 35 17 09 22 43 01 38 15 35 34 13 28 26 23 42 26 49 27 40 17 17 20 10 16 25 41 25 07 18 27 42 04 43 01 25 35 03 15 02 37 48 14 14 24 37 07 01 37 35 40 03 01 11 14 16 35 07 42 43 26 18 35 29 12 37 05 47 39 19 48
28 17 13 43 42 01 02 42 37 36 34 42 39 44 05 06 31 11 50 23 36 19 09 14 31 45 19 29 36 39 28 13 05 40 05 46 41 06 40 27 44 23 18 32 18 25 37 48 37 38 21 25 07 29 38 37 26 08 15 11 47 42 23 03 33 29 01 23 37 42 02 30 14 21 13 31 45 01 29 34 39 01 08 45 31 45 33 06 05 47 18 03 40 40 07 22 21 09 45 07
50 48 38 13 18 50 46 13 50 24 46 38 26 03 32 06 49 14 14 05 12 31 09 03 23 16 25 43 24 21 01 24 18 38 38 35 37 33 49 36 08 46 24 35 50 07 41 01 23 06 05 36 38 14 39 10 31 13 04 04 35 04 29 02 41 17 38 27 01 39 15 11 34 40 45 34 46 37 36 20 42 40 06 30 05 44 41 35 08 45 41 42 48 19 45 39 37 34 17 40
22 33 50 08 22 46 43 20 33 28 39 26 17 46 07 24 39 48 10 48 42 50 39 41 21 35 31 09 21 50 50 42 32 49 01 06 47 43 25 29 20 15 06 39 11 13 14 01 10 23 49 03 25 39 45 45 26 26 05 46 25 05 39 08 05 40 13 01 34 37 31 04 04 37 44 14 49 07 14 10 29 12 14 03 03 08 49 28 35 06 23 11 10 13 19 16 02 31 17 36
20 47 41 23 35 34 38 33 40 01 44 20 15 07 25 17 17 23 46 01 30 20 12 39 32 32 07 34 14 25 21 35 21 13 07 08 46 46 40 37 47 34 06 13 42 30 31 08 05 26 11 34 45 22 25 28 05 31 13 18 05 33 03 27 45 11 34 42 07 26 28 05 11 36 17 04 17 49 12 23 26 24 09 20 47 35 47 01 15 12 18 21 44 22 49 41 35 35 34 41
12 14 47 22 49 15 25 17 13 38 42 38 11 50 09 07 34 07 09 50 18 27 22 14 50 20 06 34 04 39 26 15 02 22 38 02 38 15 21 02 04 12 39 15 13 49 23 48 08 32 47 27 10 18 40 11 39 45 45 45 36 22 11 37 46 01 41 33 15 11 35 18 24 25 34 36 26 07 33 33 40 31 09 49 50 01 09 38 47 05 34 32 29 45 21 24 45 11 08 09
23 42 28 46 19 12 33 44 20 17 28 09 47 36 09 46 38 19 35 35 24 19 16 02 13 38 27 09 48 34 19 22 28 46 17 48 09 01 41 28 17 20 38 15 07 46 10 45 15 47 29 40 17 46 43 29 36 19 39 33 04 07 05 33 02 23 30 13 26 22 40 42 41 30 07 48 25 18 44 41 14 24 30 30 21 24 10 06 44 50 41 50 06 47 32 10 19 12 22 44
35 13 38 28 42 44 25 19 13 20 09 29 43 41 10 15 16 22 21 10 21 11 09 27 07 40 38 27 03 11 23 40 23 10 17 17 05 43 35 19 12 43 47 06 35 09 20 01 30 40 12 02 02 20 30 08 11 17 37 16 27 09 07 02 20 23 18 26 15 02 44 28 46 43 33 31 01 04 33 32 46 44 33 47 15 15 07 27 31 43 44 10 03 50 11 24 22 28 49 38
29 44 15 24 38 49 06 38 03 40 21 48 35 06 46 01 20 02 28 02 46 23 11 48 23 21 21 46 48 21 34 28 15 50 04 02 01 11 42 03 01 12 02 37 19 47 38 38 01 17 40 46 39 02 44 13 23 16 09 22 37 44 50 01 45 03 02 45 13 45 47 15 09 50 02 27 49 39 17 49 07 08 44 45 09 37 10 33 03 20 05 41 13 04 41 07 08 44 02 22
39 50 37 47 02 40 25 50 30 43 48 36 50 41 32 11 30 41 43 34 10 47 24 24 02 16 33 11 09 36 35 47 35 21 45 36 12 22 35 41 14 34 28 14 25 09 24 06 02 18 39 13 17 14 37 20 29 19 31 37 04 17 36 40 37 32 28 50 03 14 40 17 48 17 32 24 27 07 29 28 24 19 41 42 32 29 12 10 49 44 48 02 10 33 43 48 17 20 47 19
34 38 35 31 06 16 04 32 24 34 12 48 02 04 39 33 34 50 44 32 45 43 35 04 26 27 03 44 47 49 12 32 38 49 14 43 16 17 27 40 02 40 39 03 43 27 37 28 29 30 09 23 22 43 29 49 21 31 44 19 32 06 50 19 06 13 12 21 31 40 12 32 29 50 36 23 27 22 50 07 03 08 31 27 02 11 27 22 42 21 41 25 28 42 43 33 05 06 05 37
47 17 21 25 16 06 47 44 30 46 50 32 05 33 10 08 43 39 30 36 09 22 10 38 15 05 20 21 12 24 08 09 42 30 33 08 35 32 03 16 29 03 50 36 35 09 43 29 47 24 15 07 47 26 44 12 30 15 32 42 41 39 02 32 18 34 41 05 17 44 22 46 48 21 31 34 32 25 12 28 49 28 37 45 04 32 06 33 47 38 26 37 28 27 20 48 13 13 04 29
06 25 26 05 48 08 38 29 33 01 08 33 29 44 27 32 26 35 14 24 24 42 12 03 20 31 02 32 43 07 13 50 32 40 04 31 48 41 09 32 44 16 14 22 12 42 03 39 28 18 12 01 09 23 06 29 05 07 12 50 14 24 49 47 16 03 27 13 45 35 46 38 02 09 11 13 02 13 01 30 31 14 30 41 36 35 21 43 44 33 42 07 08 40 05 23 44 31 37 41
17 32 30 18 42 41 33 44 03 35 23 35 49 04 26 36 41 48 28 34 30 21 42 38 11 46 12 06 28 49 46 44 32 26 11 24 16 45 19 20 30 43 05 28 46 32 15 38 29 45 23 11 15 14 50 25 11 11 31 38 11 28 31 45 03 44 20 20 38 38 40 17 30 46 46 27 29 11 17 09 07 39 19 21 03 20 46 13 33 28 03 43 07 33 37 10 26 06 31 16
45 22 32 26 17 30 05 47 42 21 08 48 09 28 18 13 48 15 28 30 44 30 24 01 14 11 12 40 18 42 07 15 14 40 42 32 19 46 29 12 16 38 09 27 15 29 41 12 45 18 43 39 49 17 41 13 29 02 04 48 45 10 12 08 49 04 42 20 49 22 31 17 09 42 45 23 22 35 35 16 05 29 06 05 45 48 17 23 49 22 21 46 33 32 03 34 37 44 03 38
15 35 06 23 28 50 48 01 36 34 19 42 12 24 47 07 24 15 29 24 37 01 19 21 35 22 04 21 17 08 10 34 45 15 08 22 14 05 25 02 40 43 43 02 18 41 08 41 06 38 15 44 41 33 14 25 06 18 47 23 27 07 08 21 21 15 45 37 22 19 38 11 11 32 12 30 23 21 21 30 11 35 23 01 19 38 27 25 05 23 49 34 29 06 04 02 22 50 38 43
18 27 06 30 10 19 10 34 40 32 13 02 16 37 04 34 25 30 10 31 04 08 14 35 15 20 36 37 19 25 31 39 03 36 18 14 05 29 48 46 10 12 47 27 49 02 13 23 31 24 05 36 32 19 20 48 38 07 34 08 31 17 46 35 02 16 49 08 46 46 05 06 07 01 34 07 04 48 31 34 22 36 22 05 04 41 02 43 48 38 50 30 04 46 17 07 13 15 15 08
12 19 15 20 22 49 27 25 48 09 11 19 44 32 23 49 24 25 41 23 14 43 03 17 40 19 23 02 35 39 11 46 10 26 15 33 26 43 09 23 02 21 44 47 04 16 46 28 42 38 02 05 30 04 23 19 24 48 22 10 36 33 05 47 10 22 31 35 16 42 09 19 12 02 16 16 20 11 45 11 48 46 18 30 02 40 48 27 37 22 37 25 06 43 23 15 14 04 49 32
45 09 50 08 11 15 25 30 27 19 42 25 17 09 04 18 49 03 46 37 26 32 11 31 25 36 45 40 39 45 23 35 06 23 42 16 39 17 47 16 37 38 40 05 47 45 22 47 47 20 35 25 01 48 05 27 33 02 19 21 48 41 07 03 15 50 20 04 18 16 19 05 06 10 09 04 04 33 02 02 02 36 26 04 33 33 33 15 34 03 37 33 43 45 38 10 45 07 13 12
25 33 16 30 42 27 33 45 11 34 46 14 19 24 17 04 06 01 20 41 03 07 23 48 03 10 07 47 19 21 09 43 03 26 22 44 04 06 38 14 39 35 27 09 08 46 14 13 46 34 03 49 42 28 48 44 39 04 41 07 26 01 49 28 28 22 21 32 29 10 45 17 44 24 28 04 19 41 18 14 24 23 14 17 50 13 11 38 18 03 45 43 03 45 20 30 19 42 13 47
01 08 16 47 33 43 02 01 35 19 16 11 41 32 27 40 44 39 30 12 41 24 06 45 20 26 27 38 19 39 37 22 48 02 20 30 46 21 32 32 39 50 42 30 33 21 21 26 11 50 39 02 25 47 48 45 24 24 34 42 15 20 13 12 23 34 44 20 04 27 02 45 26 45 24 08 15 46 36 28 46 26 29 22 22 28 18 45 02 02 39 18 23 03 29 48 37 24 17 40
01 18 34 28 15 09 36 31 05 23 08 02 48 36 25 20 16 43 16 19 44 04 36 18 07 16 15 43 40 34 34 42 03 20 19 17 28 04 48 34 28 05 37 26 43 12 47 08 04 12 26 49 18 11 16 24 28 33 18 17 16 01 10 18 22 29 35 50 34 34 35 12 38 22 39 30 35 35 37 38 48 14 38 15 26 05 38 04 37 07 22 04 10 32 24 31 10 10 30 45
43 17 06 30 40 44 12 24 30 50 13 28 14 50 42 39 04 32 44 43 38 16 46 47 47 21 28 08 30 09 04 22 27 12 04 16 07 15 39 37 14 01 16 29 50 07 18 06 40 13 48 28 28 45 26 26 16 05 35 45 16 39 19 42 02 22 08 08 38 46 46 03 49 11 32 50 18 01 05 07 13 04 36 41 49 14 18 16 18 03 10 35 43 30 27 44 03 36 03 40
31 49 45 31 09 26 31 28 26 35 37 38 39 24 30 39 37 48 04 07 02 15 43 44 47 19 39 49 04 41 41 37 41 35 17 02 10 47 31 37 34 17 24 24 43 06 12 29 03 17 37 04 33 30 49 29 50 37 28 04 29 18 42 22 04 10 23 13 09 03 01 42 22 24 17 14 31 30 44 33 46 31 38 28 12 36 09 11 24 36 16 05 05 09 26 08 19 48 22 27
02 22 18 23 47 34 38 30 15 32 12 10 14 02 39 25 39 47 37 15 34 03 19 40 11 46 47 29 45 20 07 46 43 26 21 42 11 08 21 25 39 34 36 02 37 25 28 26 23 15 40 07 17 10 46 29 05 45 10 49 16 16 44 11 42 14 02 02 24 24 29 12 09 14 16 46 38 43 21 13 07 12 19 25 21 16 04 25 12 15 23 30 30 18 40 23 34 43 27 07
16 05 20 26 18 35 21 08 30 43 20 36 06 40 13 28 05 16 02 19 32 26 48 11 46 37 36 31 29 12 37 46 16 08 23 33 45 46 40 24 40 11 11 46 50 23 23 07 40 27 25 21 04 22 34 01 10 19 31 40 30 17 37 47 27 09 31 21 04 23 44 44 33 04 41 33 29 13 39 18 41 15 41 47 36 24 47 47 42 28 36 23 46 24 19 22 32 01 42 38
23 35 33 08 41 23 40 21 37 30 40 30 44 30 26 31 03 22 27 46 49 14 20 47 37 38 18 20 41 10 07 13 46 41 22 38 13 11 08 02 42 48 31 37 27 08 17 32 29 45 29 30 08 49 26 46 38 45 16 28 04 24 43 02 15 14 41 29 27 49 30 18 48 12 05 26 21 23 09 50 18 38 31 27 36 08 23 23 02 38 03 08 11 45 09 27 10 01 06 36
49 37 06 48 01 12 26 21 34 34 22 03 23 02 30 08 09 04 33 13 41 35 20 03 31 30 30 40 30 37 28 31 23 33 28 23 46 05 46 31 39 17 34 11 19 15 21 29 18 05 41 10 41 12 12 21 41 43 12 21 29 39 01 02 23 30 26 18 35 21 49 25 40 34 37 10 48 09 38 17 13 31 26 05 42 39 27 35 32 39 05 10 29 07 13 04 38 41 23 24
13 23 50 02 06 37 11 05 45 01 21 10 33 48 14 26 37 41 10 18 31 16 29 09 24 44 14 12 36 37 35 48 09 35 02 17 23 14 21 19 14 44 28 48 41 44 24 27 34 35 46 14 01 27 24 24 22 40 37 07 26 24 06 36 08 09 02 32 23 25 50 38 18 30 36 08 23 11 37 08 45 32 21 47 10 46 23 31 35 09 39 12 32 47 48 41 05 49 22 29
23 24 17 42 03 04 50 27 16 38 34 12 21 06 09 31 03 33 13 40 41 04 01 23 50 48 15 06 49 39 37 23 12 03 17 16 08 16 42 25 05 27 36 25 32 46 05 36 28 20 25 21 25 26 45 26 25 09 31 25 47 17 50 10 21 16 25 30 33 18 04 37 44 42 11 27 39 18 15 19 39 39 39 13 16 33 38 41 41 20 17 40 37 16 49 09 31 26 41 15
43 46 01 39 37 12 17 28 31 31 46 19 20 34 31 35 18 20 27 10 39 44 49 27 09 50 36 42 25 28 06 19 23 09 07 12 20 24 39 02 06 36 22 25 19 04 12 36 23 40 45 11 33 46 38 44 45 25 37 21 04 44 39 26 02 48 39 23 23 27 24 28 12 45 05 32 50 18 19 22 07 16 35 42 11 24 37 07 50 23 29 03 16 17 28 18 16 19 40 38
